-4.656 19.451 7.458
-5.987 19.11 6.957
-7.11 19.514 7.925
-7.026 19.279 9.133
-6.072 17.609 6.659
-5.455 16.756 7.756
-4.72 15.807 7.481
-5.745 17.096 9.005
-8.163 20.115 7.377
-9.311 20.552 8.158
-10.193 19.358 8.52
-10.041 18.251 7.996
-10.122 21.6 7.387
-9.533 22.996 7.108
-8.324 22.982 6.168
-10.615 23.922 6.561
-11.126 19.594 9.439
-12.033 18.53 9.837
-13.208 18.475 8.863
-13.599 19.493 8.288
-12.537 18.744 11.264
-11.267 18.724 12.587
-13.783 17.307 8.65
-14.842 17.208 7.641
-16.187 17.749 8.109
-17.209 17.09 7.913
-14.916 15.701 7.377
-14.541 15.09 8.679
-13.455 15.992 9.233
-16.217 18.928 8.735
-17.486 19.419 9.263
-18.477 19.715 8.148
-19.686 19.515 8.317
-17.259 20.663 10.121
-16.763 20.356 11.498
-17.163 19.197 12.145
-15.891 21.211 12.145
-16.708 18.908 13.414
-15.431 20.924 13.414
-15.839 19.77 14.048
-17.989 20.198 7.004
-18.878 20.408 5.874
-19.553 19.124 5.439
-20.72 19.124 5.034
-18.834 18.006 5.546
-19.395 16.703 5.212
-20.552 16.331 6.128
-21.422 15.548 5.73
-18.289 15.648 5.277
-18.658 14.279 4.738
-17.434 13.447 4.4
-16.328 14.025 4.318
-17.575 12.22 4.215
-20.596 16.887 7.333
-21.66 16.607 8.284
-22.75 17.665 8.225
-23.93 17.345 8.078
-21.077 16.483 9.709
-22.188 16.501 10.739
-20.254 15.21 9.832
-22.365 18.938 8.333
-23.351 20.013 8.377
-24.047 20.19 7.035
-25.266 20.395 6.982
-22.68 21.314 8.81
-22.358 21.364 10.27
-21.193 20.803 10.759
-23.231 21.964 11.156
-20.902 20.847 12.109
-22.947 22.011 12.504
-21.782 21.451 12.982
-23.294 20.116 5.94
-23.841 20.33 4.61
-24.149 19.019 3.889
-24.209 18.997 2.655
-22.882 21.198 3.79
-22.938 22.668 4.188
-23.929 23.127 4.759
-21.873 23.413 3.885
-24.354 17.932 4.633
-24.684 16.653 4.015
-25.989 16.756 3.237
-26.928 17.437 3.657
-24.792 15.558 5.078
-26.046 16.066 2.094
-27.216 16.165 1.223
-28.484 15.719 1.942
-29.483 16.448 1.973
-27.005 15.342 -0.046
-26.115 16.042 -0.922
-28.329 15.118 -0.758
-28.467 14.524 2.521
-29.588 14.041 3.311
-29.119 13.701 4.718
-27.969 13.309 4.934
-30.259 12.821 2.657
-31.107 13.185 1.438
-31.939 12.016 0.913
-32.908 12.463 -0.084
-33.658 11.658 -0.828
-33.577 10.341 -0.719
-34.507 12.187 -1.707
-30.014 13.889 5.676
-29.763 13.507 7.053
-30.479 12.2 7.364
-31.328 11.73 6.604
-30.206 14.618 8.007
-29.16 15.671 8.232
-28.486 16.24 7.158
-28.847 16.093 9.518
-27.517 17.209 7.361
-27.884 17.066 9.729
-27.217 17.624 8.648
-30.114 11.603 8.492
-30.736 10.367 8.932
-31.971 10.656 9.784
-32.106 11.728 10.383
-29.741 9.523 9.725
-32.881 9.682 9.826
-33.959 9.721 10.808
-33.371 9.691 12.215
-32.323 9.087 12.46
-34.92 8.539 10.622
-35.516 8.519 9.336
-34.062 10.347 13.15
-33.527 10.494 14.503
-33.345 9.132 15.166
-32.398 8.924 15.936
-34.429 11.428 15.34
-35.864 10.88 15.438
-33.832 11.664 16.728
-34.241 8.182 14.883
-34.124 6.876 15.521
-32.894 6.14 15.017
-32.29 5.359 15.759
-35.387 6.044 15.283
-35.362 5.248 13.999
-35.775 5.815 12.803
-34.919 3.93 13.981
-35.738 5.096 11.617
-34.879 3.201 12.8
-35.293 3.788 11.621
-35.262 3.073 10.437
-32.511 6.382 13.764
-31.333 5.757 13.184
-30.243 6.805 12.993
-29.607 6.872 11.935
-31.69 5.075 11.866
-30.029 7.619 14.025
-29.109 8.743 13.943
-27.719 8.291 13.51
-27.27 7.184 13.826
-29.04 9.47 15.291
-28.792 8.589 16.503
-29.725 7.874 17.203
-27.538 8.369 17.17
-29.129 7.212 18.249
-27.788 7.499 18.252
-26.229 8.811 16.947
-26.775 7.065 19.112
-25.226 8.383 17.805
-25.506 7.52 18.875
-27.048 9.159 12.755
-25.699 8.895 12.278
-24.668 9.44 13.255
-24.913 10.406 13.983
-25.468 9.509 10.895
-25.817 8.552 9.768
-26.597 8.886 8.871
-25.243 7.353 9.809
-23.506 8.799 13.269
-22.39 9.231 14.096
-21.141 9.253 13.235
-20.763 8.226 12.659
-22.196 8.311 15.304
-20.849 8.484 15.965
-20.836 7.967 17.393
-21.566 8.852 18.291
-21.447 8.848 19.613
-20.643 7.998 20.235
-22.144 9.728 20.327
-20.509 10.418 13.144
-19.27 10.589 12.401
-18.126 10.721 13.4
-18.134 11.624 14.245
-19.347 11.813 11.487
-18.043 12.154 10.77
-17.895 11.405 9.456
-16.547 11.707 8.81
-16.453 11.184 7.42
-17.155 9.815 13.308
-15.983 9.863 14.17
-14.969 10.84 13.591
-14.56 10.712 12.431
-15.37 8.472 14.307
-14.486 8.285 15.522
-14.117 6.821 15.672
-13.323 6.565 16.868
-11.997 6.543 16.897
-11.276 6.794 15.815
-11.378 6.257 18.04
-14.564 11.817 14.395
-13.734 12.922 13.931
-12.449 12.93 14.748
-12.466 13.237 15.947
-14.474 14.26 14.029
-15.546 14.318 12.947
-13.515 15.424 13.884
-16.405 15.542 13.025
-11.335 12.6 14.099
-10.047 12.504 14.766
-8.956 13.055 13.861
-9.079 13.04 12.634
-9.721 11.054 15.147
-8.372 10.932 15.563
-7.888 13.55 14.492
-6.657 13.954 13.811
-6.913 15.063 12.788
-6.693 14.901 11.585
-5.978 12.747 13.153
-5.502 11.721 14.165
-6.262 10.846 14.585
-4.236 11.822 14.56
-7.366 16.208 13.294
-7.62 17.367 12.448
-7.783 18.598 13.326
-8.177 18.497 14.493
-8.87 17.162 11.578
-10.384 16.887 12.518
-7.466 19.755 12.751
-7.699 21.048 13.384
-9.077 21.545 12.973
-9.472 21.433 11.805
-6.595 22.053 12.999
-7.131 23.484 12.973
-5.43 21.947 13.967
-9.821 22.084 13.935
-11.169 22.579 13.704
-11.272 24.036 14.135
-10.648 24.45 15.119
-12.198 21.731 14.455
-12.057 24.81 13.388
-12.303 26.224 13.672
-13.767 26.368 14.089
-14.642 26.663 13.273
-11.959 27.107 12.463
-12.441 26.519 11.143
-13.259 25.57 11.159
-11.988 27.007 10.084
-14.025 26.155 15.378
-15.371 26.295 15.913
-15.837 27.744 15.959
-17.027 27.988 16.18
-15.435 25.683 17.31
-14.898 24.27 17.381
-15.731 23.178 17.17
-13.558 24.026 17.663
-15.246 21.883 17.236
-13.063 22.736 17.73
-13.911 21.669 17.516
-13.421 20.385 17.584
-14.934 28.706 15.764
-15.36 30.098 15.676
-16.105 30.351 14.372
-17.066 31.13 14.336
-14.155 31.027 15.804
-14.564 32.38 15.895
-15.678 29.693 13.291
-16.41 29.779 12.032
-17.795 29.161 12.174
-18.744 29.58 11.499
-15.596 29.114 10.908
-16.347 29.176 9.59
-14.233 29.789 10.786
-17.945 28.181 13.067
-19.248 27.561 13.282
-20.183 28.47 14.072
-21.325 28.698 13.661
-19.083 26.22 13.995
-18.715 25.049 13.09
-18.792 23.74 13.856
-19.635 25.022 11.881
-19.719 28.996 15.211
-20.598 29.801 16.055
-21.007 31.094 15.361
-22.156 31.535 15.488
-19.923 30.106 17.394
-20.871 30.638 18.458
-22.245 30.411 18.38
-20.391 31.373 19.539
-23.11 30.897 19.35
-21.249 31.864 20.512
-22.605 31.622 20.412
-23.456 32.108 21.378
-20.086 31.71 14.612
-20.379 32.986 13.968
-21.415 32.866 12.856
-22.054 33.868 12.515
-19.096 33.609 13.417
-18.643 34.813 14.224
-18.944 34.921 15.414
-17.928 35.731 13.578
-21.595 31.675 12.284
-22.635 31.467 11.285
-24.013 31.711 11.891
-24.495 30.91 12.701
-22.544 30.054 10.703
-23.584 29.814 9.771
-24.653 32.821 11.508
-25.971 33.196 12.018
-27.1 32.337 11.45
-28.279 32.631 11.7
-26.239 34.673 11.723
-26.756 31.286 10.706
-27.723 30.418 10.052
-28.179 29.261 10.938
-28.732 28.282 10.423
-27.134 29.881 8.746
-25.808 29.417 8.946
-27.97 29.353 12.248
-28.349 28.3 13.181
-29.435 28.803 14.118
-29.313 29.891 14.688
-27.142 27.823 13.985
-26.111 27.127 13.158
-26.469 26.086 12.323
-24.789 27.526 13.197
-25.523 25.442 11.553
-23.839 26.888 12.43
-24.207 25.844 11.607
-30.498 28.007 14.272
-31.55 28.365 15.218
-31.109 28.095 16.649
-31.388 28.889 17.553
-32.835 27.593 14.911
-33.259 27.803 13.575
-30.422 26.977 16.869
-29.993 26.544 18.189
-28.489 26.326 18.173
-27.969 25.635 17.292
-30.706 25.249 18.602
-32.094 25.516 18.832
-30.086 24.677 19.858
-27.791 26.921 19.146
-26.348 26.705 19.291
-26.027 26.791 20.785
-25.467 27.775 21.276
-25.528 27.705 18.478
-24.153 27.21 18.124
-23.336 26.627 19.081
-23.687 27.306 16.826
-22.077 26.162 18.753
-22.429 26.841 16.491
-21.624 26.27 17.456
-26.369 25.724 21.504
-26.244 25.664 22.953
-25.149 24.678 23.336
-25.194 23.51 22.938
-27.577 25.259 23.589
-28.743 26.157 23.183
-30.055 25.708 23.808
-31.218 26.57 23.333
-32.519 25.998 23.774
-24.174 25.144 24.111
-23.057 24.316 24.541
-23.144 24.041 26.035
-23.509 24.922 26.82
-21.721 24.98 24.207
-21.403 25.088 22.435
-22.8 22.817 26.419
-22.871 22.372 27.802
-21.48 21.986 28.281
-20.808 21.156 27.657
-23.845 21.198 27.94
-25.245 21.528 27.473
-25.623 21.326 26.152
-26.185 22.053 28.349
-26.902 21.631 25.715
-27.468 22.361 27.919
-27.819 22.146 26.602
-29.089 22.448 26.169
-21.049 22.591 29.384
-19.744 22.319 29.943
-18.595 23.025 29.263
-17.459 22.929 29.746
-18.84 23.722 28.155
-17.809 24.477 27.452
-18.399 25.815 27.032
-19.576 25.898 26.667
-17.268 23.713 26.223
-16.152 24.498 25.551
-16.773 22.332 26.612
-17.588 26.866 27.103
-17.986 28.137 26.52
-17.927 28.036 24.996
-16.997 27.431 24.451
-17.08 29.266 27.016
-17.504 30.529 26.528
-18.908 28.598 24.284
-18.928 28.431 22.818
-17.741 29.076 22.125
-17.051 28.421 21.329
-20.256 29.093 22.413
-21.074 29.139 23.666
-20.083 29.338 24.771
-17.481 30.353 22.416
-16.43 31.086 21.717
-15.044 30.578 22.109
-14.197 30.33 21.242
-16.564 32.589 21.993
-16.661 32.82 23.405
-17.803 33.162 21.301
-14.797 30.404 23.411
-13.484 29.985 23.911
-13.317 28.466 23.802
-13.066 27.754 24.776
-13.287 30.464 25.345
-13.076 31.964 25.467
-12.709 32.367 26.882
-12.268 33.823 26.938
-11.865 34.232 28.311
-13.446 27.981 22.573
-13.369 26.559 22.27
-12.247 26.202 21.307
-11.767 25.065 21.339
-14.713 26.077 21.691
-14.885 24.626 21.232
-14.568 23.639 22.347
-16.297 24.406 20.708
-11.798 27.149 20.475
-10.819 26.84 19.435
-9.513 26.315 20.022
-8.885 25.417 19.448
-10.55 28.081 18.581
-11.711 28.43 17.667
-12.662 29.092 18.08
-11.63 27.994 16.413
-9.083 26.863 21.155
-7.794 26.497 21.743
-7.995 25.449 22.838
-7.87 25.713 24.034
-7.076 27.741 22.266
-7.98 28.641 23.094
-9.185 28.331 23.217
-7.483 29.662 23.618
-8.308 24.229 22.395
-8.484 23.083 23.28
-7.936 21.839 22.589
-7.475 21.892 21.445
-9.954 22.903 23.674
-10.507 23.951 24.64
-11.99 23.75 24.842
-9.768 23.882 25.969
-7.989 20.705 23.291
-7.408 19.46 22.781
-8.193 18.293 23.374
-8.028 17.967 24.553
-5.927 19.358 23.123
-4.795 19.904 21.825
-9.029 17.665 22.55
-9.812 16.506 22.952
-9.397 15.298 22.125
-9.042 15.43 20.949
-11.314 16.775 22.806
-11.82 17.844 23.732
-11.957 17.589 25.089
-12.142 19.104 23.253
-12.411 18.568 25.951
-12.6 20.09 24.109
-12.735 19.821 25.462
-9.431 14.122 22.756
-8.973 12.899 22.103
-9.821 12.58 20.881
-9.308 12.448 19.764
-9.011 11.727 23.086
-8.06 11.943 24.135
-8.694 10.42 22.366
-11.126 12.431 21.086
-12.058 12.123 20.015
-13.241 13.073 20.076
-13.724 13.419 21.159
-12.55 10.673 20.092
-11.534 9.686 19.552
-10.713 10.026 18.699
-11.588 8.455 20.042
-13.69 13.497 18.9
-14.887 14.308 18.743
-15.883 13.505 17.926
-15.524 12.928 16.892
-14.582 15.656 18.067
-15.865 16.459 17.895
-13.571 16.433 18.886
-17.124 13.455 18.396
-18.198 12.762 17.706
-19.189 13.788 17.178
-19.571 14.719 17.896
-18.896 11.764 18.634
-18.03 10.588 19.017
-17.706 9.606 18.085
-17.534 10.457 20.312
-16.907 8.521 18.437
-16.739 9.382 20.67
-16.425 8.417 19.735
-15.627 7.352 20.114
-19.583 13.63 15.923
-20.605 14.469 15.307
-21.794 13.571 14.99
-21.772 12.818 14.012
-20.076 15.162 14.055
-22.82 13.635 15.829
-24.068 12.947 15.55
-25.022 13.904 14.85
-25.022 15.107 15.12
-24.693 12.419 16.84
-23.755 11.519 17.613
-22.862 10.909 16.987
-23.908 11.424 18.851
-25.83 13.368 13.935
-26.747 14.221 13.187
-27.993 13.441 12.793
-27.932 12.242 12.508
-26.078 14.828 11.94
-25.572 13.834 11.067
-29.118 14.15 12.764
-30.435 13.579 12.482
-31.405 14.73 12.218
-31.036 15.905 12.302
-30.919 12.707 13.643
-30.771 13.365 14.987
-31.676 14.327 15.409
-29.708 13.036 15.818
-31.534 14.942 16.64
-29.56 13.644 17.051
-30.479 14.6 17.464
-32.661 14.38 11.932
-33.738 15.347 11.74
-34.834 15.083 12.763
-35.181 13.925 13.024
-34.316 15.28 10.312
-35.643 16.027 10.23
-33.333 15.858 9.32
-35.385 16.164 13.332
-36.539 16.124 14.227
-37.438 17.324 13.934
-37.116 18.184 13.108
-36.132 16.112 15.717
-35.223 17.296 16.04
-35.452 14.813 16.088
-34.849 17.372 17.494
-38.582 17.372 14.622
-39.508 18.496 14.558
-38.932 19.72 15.259
-38.027 19.623 16.088
-40.832 18.154 15.242
-41.786 17.307 14.453
-42.952 16.908 15.335
-43.403 18.047 16.12
-44.411 18.014 16.979
-45.102 16.907 17.189
-44.739 19.123 17.636
-39.509 20.883 14.953
-39.167 22.078 15.708
-39.414 21.913 17.197
-38.518 22.132 18.016
-40.631 21.5 17.566
-41.01 21.367 18.971
-40.234 20.285 19.711
-40.385 20.171 20.931
-42.503 21.067 19.093
-43.368 22.249 18.722
-42.858 23.39 18.717
-44.565 22.04 18.441
-39.431 19.484 19.016
-38.659 18.427 19.653
-37.199 18.807 19.868
-36.468 18.057 20.526
-38.74 17.137 18.824
-40.133 16.519 18.768
-40.224 15.331 17.815
-39.312 15.168 16.977
-41.202 14.552 17.91
-36.761 19.954 19.344
-35.364 20.356 19.487
-34.996 20.562 20.953
-33.874 20.244 21.371
-35.103 21.616 18.638
-33.705 22.136 18.865
-35.317 21.299 17.163
-35.934 21.056 21.765
-35.662 21.249 23.186
-35.319 19.943 23.895
-34.718 19.975 24.973
-36.865 21.909 23.864
-38.056 20.973 24.055
-39.309 21.717 24.507
-39.973 22.391 23.394
-39.884 23.69 23.135
-39.181 24.504 23.906
-40.519 24.186 22.075
-35.673 18.798 23.312
-35.373 17.515 23.931
-33.939 17.06 23.696
-33.507 16.09 24.335
-36.35 16.447 23.428
-37.778 16.646 23.914
-38.691 15.491 23.546
-38.371 14.326 23.789
-39.83 15.808 22.945
-33.188 17.728 22.817
-31.789 17.374 22.6
-30.926 18.143 23.591
-30.182 19.058 23.217
-31.345 17.643 21.151
-32.374 17.087 20.171
-29.986 17.0 20.887
-32.605 15.599 20.313
-31.021 17.773 24.863
-30.283 18.436 25.926
-30.189 17.477 27.103
-30.994 16.544 27.21
-30.967 19.749 26.339
-29.209 17.664 27.986
-29.083 16.768 29.143
-30.313 16.826 30.038
-30.908 17.887 30.243
-27.839 17.297 29.869
-27.068 18.028 28.827
-28.085 18.612 27.892
-30.692 15.665 30.566
-31.767 15.596 31.548
-33.135 15.962 31.017
-33.932 16.578 31.733
-33.429 15.594 29.777
-34.724 15.85 29.168
-35.519 14.556 29.072
-34.952 13.458 29.025
-34.567 16.465 27.777
-33.96 17.852 27.787
-34.787 18.83 28.587
-35.996 18.96 28.378
-34.142 19.519 29.523
-36.841 14.7 29.051
-37.748 13.574 28.903
-38.682 13.841 27.731
-38.934 14.99 27.356
-38.557 13.316 30.187
-38.944 14.565 30.775
-37.731 12.515 31.193
-39.186 12.759 27.146
-40.07 12.867 26.007
-39.823 11.787 24.978
-38.907 10.971 25.128
-40.648 11.781 23.929
-40.536 10.791 22.863
-39.11 10.706 22.334
-38.503 9.629 22.301
-41.497 11.162 21.736
-42.367 10.045 21.229
-43.07 10.483 19.937
-43.658 11.893 20.067
-44.58 12.258 18.958
-38.557 11.85 21.921
-37.241 11.858 21.289
-36.164 11.451 22.284
-35.331 10.584 21.999
-36.945 13.237 20.677
-38.03 13.608 19.662
-35.572 13.235 20.035
-38.26 12.552 18.594
-36.173 12.06 23.473
-35.108 11.809 24.437
-35.199 10.413 25.04
-34.165 9.81 25.363
-35.144 12.863 25.54
-36.415 9.885 25.204
-36.566 8.576 25.826
-36.328 7.455 24.83
-35.749 6.421 25.183
-37.962 8.424 26.435
-38.252 9.454 27.511
-37.323 10.2 27.895
-39.419 9.516 27.963
-36.762 7.637 23.586
-36.884 6.516 22.669
-36.088 6.661 21.38
-36.089 5.725 20.57
-38.363 6.287 22.328
-39.25 6.033 23.532
-38.795 5.301 24.625
-40.552 6.516 23.567
-39.617 5.065 25.727
-41.374 6.287 24.655
-40.904 5.564 25.733
-41.74 5.343 26.814
-35.395 7.782 21.167
-34.741 8.029 19.884
-33.278 8.452 20.034
-32.377 7.758 19.546
-35.539 9.078 19.101
-36.887 8.542 18.618
-36.985 7.992 17.521
-37.925 8.691 19.442
-33.025 9.576 20.705
-31.666 10.057 20.929
-31.568 10.635 22.329
-32.234 11.626 22.64
-31.273 11.113 19.896
-29.826 11.536 19.99
-28.822 10.749 19.442
-29.462 12.716 20.627
-27.496 11.123 19.52
-28.134 13.101 20.713
-27.156 12.298 20.157
-25.826 12.668 20.233
-30.712 10.042 23.157
-30.586 10.412 24.559
-29.204 10.994 24.815
-28.191 10.345 24.53
-30.822 9.198 25.457
-30.686 9.496 26.932
-31.648 10.586 27.343
-31.544 10.866 28.823
-32.47 11.958 29.223
-29.164 12.205 25.368
-27.907 12.774 25.828
-27.693 12.458 27.306
-28.658 12.354 28.07
-27.895 14.288 25.62
-27.639 14.773 24.193
-27.583 16.29 24.131
-26.344 14.172 23.672
-26.442 12.293 27.731
-26.171 12.035 29.15
-26.397 13.275 30.002
-26.384 14.41 29.52
-24.694 11.625 29.158
-24.123 12.307 27.952
-25.21 12.287 26.92
-26.599 13.042 31.302
-26.809 14.159 32.219
-25.543 14.99 32.378
-25.612 16.219 32.498
-27.288 13.644 33.573
-28.688 13.091 33.509
-29.307 13.185 32.426
-29.171 12.566 34.534
-24.382 14.339 32.38
-23.088 15.017 32.463
-22.511 15.31 31.087
-21.307 15.177 30.857
-22.119 14.18 33.294
-21.864 12.8 32.697
-22.529 12.431 31.702
-20.987 12.083 33.229
-23.361 15.71 30.152
-22.932 15.909 28.777
-21.982 17.096 28.685
-22.233 18.156 29.265
-24.156 16.118 27.882
-23.83 16.417 26.446
-23.236 15.462 25.637
-24.157 17.647 25.892
-22.947 15.737 24.305
-23.874 17.929 24.561
-23.266 16.973 23.768
-20.873 16.905 27.981
-19.976 17.993 27.617
-19.924 18.047 26.098
-19.507 17.078 25.454
-18.58 17.794 28.212
-18.034 16.559 27.737
-18.643 17.758 29.736
-20.373 19.158 25.532
-20.456 19.294 24.093
-21.466 20.363 23.714
-21.927 21.138 24.553
-21.803 20.383 22.423
-22.712 21.384 21.881
-23.801 20.734 21.04
-23.595 19.694 20.408
-21.971 22.421 21.031
-20.641 23.27 21.909
-24.967 21.374 21.041
-26.11 20.975 20.234
-26.392 22.103 19.25
-26.638 23.243 19.664
-27.338 20.681 21.108
-28.515 20.25 20.252
-26.994 19.621 22.146
-26.342 21.792 17.955
-26.531 22.773 16.891
-27.712 22.339 16.038
-27.829 21.162 15.679
-25.267 22.932 16.022
-24.034 23.101 16.9
-25.391 24.129 15.091
-22.747 23.075 16.12
-28.583 23.291 15.71
-29.775 22.973 14.941
-30.164 24.158 14.073
-29.848 25.311 14.381
-30.947 22.581 15.848
-30.862 23.854 12.983
-31.362 24.883 12.085
-32.554 24.33 11.316
-32.656 23.121 11.082
-30.272 25.367 11.122
-29.801 24.333 10.138
-30.208 24.19 8.844
-28.82 23.311 10.365
-29.545 23.14 8.251
-28.687 22.585 9.163
-28.041 22.942 11.465
-27.809 21.509 9.032
-27.168 21.872 11.332
-27.061 21.168 10.125
-33.457 25.229 10.936
-34.641 24.825 10.193
-34.241 24.356 8.801
-33.459 25.02 8.114
-35.63 25.984 10.103
-36.945 25.578 9.47
-37.005 25.27 8.279
-38.011 25.584 10.264
-34.774 23.208 8.386
-34.481 22.631 7.078
-35.764 22.359 6.302
-35.887 21.347 5.603
-33.661 21.354 7.22
-34.377 20.381 7.962
-36.737 23.27 6.399
-38.026 23.048 5.749
-37.883 22.985 4.234
-38.587 22.215 3.57
-39.015 24.144 6.146
-40.453 23.761 5.866
-40.848 22.607 6.049
-41.246 24.727 5.414
-36.974 23.777 3.666
-36.823 23.821 2.215
-35.924 22.717 1.672
-35.698 22.667 0.459
-36.295 25.193 1.774
-35.047 25.614 2.529
-34.439 24.821 3.254
-34.656 26.873 2.357
-35.414 21.834 2.53
-34.641 20.681 2.094
-35.312 19.353 2.395
-35.166 18.41 1.614
-33.261 20.679 2.758
-32.379 21.912 2.6
-31.105 21.705 3.393
-32.068 22.152 1.141
-36.044 19.257 3.504
-36.523 17.979 4.009
-38.035 17.83 3.979
-38.541 16.759 4.33
-36.026 17.764 5.44
-34.526 17.6 5.515
-33.954 16.898 4.648
-33.918 18.179 6.442
-38.772 18.861 3.585
-40.218 18.775 3.463
-40.603 18.805 1.991
-40.053 19.59 1.212
-40.905 19.916 4.212
-40.734 21.136 3.515
-41.538 17.938 1.615
-42.008 17.836 0.243
-43.528 17.93 0.227
-44.199 17.509 1.174
-41.529 16.521 -0.413
-40.008 16.335 -0.352
-39.519 15.061 -1.041
-37.99 14.991 -1.019
-37.442 13.767 -1.674
-44.067 18.513 -0.848
-45.515 18.608 -0.99
-46.103 17.205 -1.004
-45.568 16.294 -1.649
-45.879 19.399 -2.255
-47.345 19.241 -2.577
-45.542 20.87 -2.071
-47.2 17.019 -0.274
-47.732 15.694 -0.05
-47.065 14.924 1.069
-47.455 13.78 1.332
-46.074 15.506 1.739
-45.424 14.832 2.844
-44.171 14.067 2.469
-44.19 13.233 1.558
-43.07 14.346 3.167
-41.833 13.584 3.028
-41.849 12.477 4.071
-41.67 12.734 5.266
-40.611 14.486 3.195
-39.292 13.713 3.157
-39.255 12.53 2.812
-38.204 14.39 3.506
-42.055 11.245 3.626
-42.191 10.129 4.544
-40.88 9.396 4.787
-40.892 8.305 5.364
-43.266 9.171 4.031
-44.639 9.806 4.072
-45.279 10.049 5.288
-45.285 10.19 2.903
-46.529 10.642 5.336
-46.54 10.783 2.94
-47.156 11.008 4.16
-48.4 11.596 4.202
-39.753 9.982 4.386
-38.46 9.344 4.606
-37.987 9.462 6.05
-37.323 8.547 6.55
-37.413 9.943 3.666
-37.668 9.59 2.216
-38.115 8.485 1.908
-37.392 10.53 1.314
-38.31 10.56 6.733
-37.863 10.777 8.104
-38.852 10.168 9.088
-40.052 10.446 9.021
-37.695 12.269 8.385
-36.534 12.89 7.647
-35.227 12.617 8.022
-36.744 13.745 6.572
-34.158 13.18 7.35
-35.681 14.314 5.895
-34.389 14.03 6.29
-33.327 14.598 5.62
-38.342 9.351 10.007
-39.166 8.639 10.974
-38.64 8.874 12.383
-37.546 9.408 12.591
-39.188 7.132 10.696
-39.197 6.709 9.23
-38.982 5.206 9.108
-40.501 7.126 8.613
-39.438 8.438 13.354
-39.076 8.467 14.761
-39.731 7.272 15.432
-40.794 6.812 15.005
-39.524 9.771 15.44
-41.019 9.987 15.394
-41.603 10.707 14.36
-41.848 9.461 16.378
-42.961 10.902 14.31
-43.211 9.647 16.33
-43.763 10.367 15.294
-45.122 10.557 15.247
-39.101 6.772 16.484
-39.688 5.66 17.212
-40.769 6.179 18.147
-40.528 7.09 18.944
-38.628 4.893 17.995
-39.179 3.659 18.678
-38.062 2.83 19.253
-37.064 2.533 18.233
-37.14 1.513 17.387
-38.164 0.671 17.407
-36.17 1.339 16.494
-41.969 5.615 18.027
-43.069 5.974 18.909
-43.18 5.045 20.111
-43.57 5.493 21.197
-44.389 5.968 18.128
-45.667 6.332 18.887
-45.535 7.696 19.552
-46.881 6.292 17.96
-42.832 3.77 19.952
-43.028 2.765 20.986
-41.701 2.122 21.362
-40.948 1.68 20.488
-44.007 1.686 20.522
-45.427 2.16 20.389
-46.258 2.217 21.497
-45.941 2.523 19.151
-47.577 2.637 21.38
-47.258 2.95 19.022
-48.077 3.004 20.139
-41.432 2.06 22.664
-40.296 1.333 23.212
-40.587 1.05 24.679
-41.075 1.927 25.396
-38.994 2.126 23.057
-37.758 1.255 23.015
-36.502 2.073 22.782
-35.342 1.206 22.63
-34.552 0.833 23.626
-34.738 1.274 24.859
-33.548 0.0 23.378
-40.299 -0.177 25.12
-40.639 -0.555 26.491
-39.865 0.277 27.51
-40.442 0.778 28.484
-40.383 -2.044 26.718
-40.636 -2.473 28.166
-42.076 -2.164 28.608
-42.179 -1.965 30.119
-41.493 -0.711 30.56
-38.561 0.436 27.307
-37.702 1.152 28.239
-37.023 2.321 27.535
-36.994 2.405 26.304
-36.661 0.21 28.849
-37.301 -0.867 29.52
-36.48 3.238 28.335
-35.785 4.398 27.791
-34.422 4.009 27.227
-33.798 3.037 27.659
-35.59 5.467 28.868
-36.9 6.077 29.334
-37.927 5.955 28.671
-36.864 6.753 30.474
-33.955 4.79 26.258
-32.605 4.604 25.75
-31.58 5.043 26.783
-31.788 6.018 27.511
-32.39 5.403 24.468
-33.068 4.916 23.191
-32.739 5.885 22.105
-32.607 3.514 22.813
-30.468 4.313 26.847
-29.306 4.806 27.559
-28.641 5.897 26.725
-28.836 5.96 25.51
-28.326 3.668 27.843
-28.948 2.505 28.601
-27.887 1.592 29.152
-28.245 0.133 28.955
-27.129 -0.756 29.405
-27.873 6.786 27.354
-27.21 7.851 26.589
-26.434 7.291 25.407
-25.742 6.277 25.52
-26.283 8.5 27.622
-26.991 8.294 28.922
-27.689 6.955 28.808
-26.582 7.947 24.255
-25.873 7.579 23.026
-26.171 6.146 22.596
-25.315 5.477 22.012
-24.363 7.782 23.174
-23.967 9.209 23.386
-24.43 10.201 22.538
-23.153 9.565 24.448
-24.07 11.521 22.725
-22.794 10.889 24.647
-23.253 11.869 23.781
-27.377 5.66 22.883
-27.832 4.372 22.377
-28.624 4.58 21.089
-29.311 5.592 20.915
-28.687 3.646 23.421
-28.996 2.181 23.112
-29.756 1.484 24.24
-30.326 2.187 25.104
-29.779 0.232 24.27
-28.502 3.618 20.172
-29.189 3.665 18.883
-29.942 2.357 18.686
-29.325 1.29 18.575
-28.211 3.905 17.732
-28.897 3.958 16.371
-27.983 4.492 15.272
-26.782 3.687 15.089
-25.545 4.143 15.238
-25.307 5.399 15.574
-24.52 3.319 15.032
-31.271 2.443 18.641
-32.149 1.298 18.427
-32.755 1.422 17.038
-33.477 2.386 16.76
-33.247 1.239 19.493
-34.177 0.032 19.334
-34.099 -0.687 18.315
-34.998 -0.204 20.243
-32.476 0.445 16.174
-32.982 0.463 14.809
-33.906 -0.715 14.518
-34.216 -0.979 13.355
-31.83 0.517 13.785
-30.891 -0.68 13.974
-31.082 1.842 13.898
-29.95 -0.905 12.819
-34.366 -1.422 15.549
-35.259 -2.554 15.335
-36.647 -2.078 14.911
-37.08 -0.969 15.236
-35.36 -3.413 16.599
-35.889 -2.665 17.679
-37.34 -2.935 14.157
-38.678 -2.645 13.655
-39.645 -3.766 14.004
-40.576 -4.044 13.246
-38.664 -2.424 12.145
-38.229 -3.627 11.502
-37.724 -1.292 11.77
-39.428 -4.437 15.129
-40.343 -5.488 15.535
-41.661 -4.889 16.003
-41.712 -3.782 16.546
-39.733 -6.337 16.641
-38.848 -7.456 16.134
-38.459 -8.41 17.239
-38.938 -8.217 18.38
-37.677 -9.347 16.967
-42.741 -5.636 15.774
-44.057 -5.187 16.203
-44.078 -5.075 17.719
-43.753 -6.029 18.438
-45.143 -6.138 15.685
-45.073 -6.229 14.162
-46.513 -5.659 16.116
-45.069 -4.884 13.474
-44.458 -3.898 18.212
-44.446 -3.617 19.639
-45.665 -4.249 20.297
-46.806 -3.968 19.911
-44.42 -2.107 19.877
-44.35 -1.717 21.332
-43.132 -1.698 22.002
-45.496 -1.36 22.04
-43.051 -1.342 23.336
-45.425 -1.005 23.38
-44.194 -0.998 24.019
-44.1 -0.643 25.346
-45.422 -5.089 21.299
-46.473 -5.804 22.011
-46.908 -4.983 23.221
-46.098 -4.69 24.107
-45.966 -7.181 22.428
-46.936 -8.015 23.224
-46.326 -9.334 23.663
-45.346 -9.805 23.082
-46.899 -9.933 24.699
-48.187 -4.609 23.255
-48.718 -3.728 24.285
-49.668 -4.446 25.235
-50.274 -3.8 26.1
-49.413 -2.529 23.642
-49.805 -5.764 25.099
-50.645 -6.544 25.986
-50.07 -7.912 26.286
-48.886 -8.167 26.047
-50.905 -8.814 26.804
-50.412 -10.131 27.192
-50.166 -11.011 25.974
-49.22 -11.807 25.959
-51.399 -10.805 28.139
-52.127 -9.848 28.884
-51.005 -10.892 24.949
-50.9 -11.79 23.804
-49.781 -11.323 22.879
-49.727 -10.141 22.528
-52.217 -11.858 23.032
-52.318 -10.725 22.16
-53.416 -11.874 23.995
-48.88 -12.21 22.47
-47.778 -11.796 21.6
-48.262 -11.534 20.184
-49.313 -12.013 19.753
-46.82 -12.988 21.652
-47.712 -14.146 21.885
-48.834 -13.65 22.767
-47.463 -10.758 19.455
-47.898 -10.21 18.177
-47.545 -11.097 16.998
-48.307 -11.16 16.027
-47.289 -8.827 17.977
-47.869 -7.645 19.194
-46.4 -11.773 17.061
-45.937 -12.626 15.971
-45.916 -11.862 14.65
-46.325 -12.372 13.604
-46.792 -13.889 15.869
-46.93 -14.608 17.203
-48.031 -14.742 17.74
-45.81 -15.077 17.743
-45.456 -10.612 14.707
-45.251 -9.83 13.503
-46.506 -9.388 12.786
-46.436 -9.014 11.612
-47.657 -9.414 13.45
-48.919 -9.0 12.85
-49.386 -7.743 13.568
-49.762 -7.796 14.746
-49.982 -10.1 12.932
-51.272 -9.609 12.31
-49.494 -11.369 12.251
-49.376 -6.612 12.864
-49.929 -5.392 13.435
-51.414 -5.573 13.722
-52.132 -6.266 12.998
-49.735 -4.204 12.493
-48.292 -3.873 12.147
-48.174 -2.605 11.307
-49.103 -1.77 11.347
-47.155 -2.441 10.603
-51.871 -4.938 14.794
-53.271 -5.021 15.16
-53.498 -4.398 16.52
-52.698 -3.583 16.985
-54.609 -4.784 17.14
-54.881 -4.36 18.505
-53.743 -4.806 19.41
-53.275 -5.945 19.318
-56.211 -4.941 18.986
-56.631 -4.447 20.34
-57.254 -3.218 20.477
-56.403 -5.211 21.475
-57.637 -2.753 21.723
-56.78 -4.756 22.725
-57.398 -3.522 22.85
-53.269 -3.89 20.256
-52.161 -4.137 21.181
-50.887 -4.584 20.473
-49.997 -5.164 21.105
-52.546 -5.168 22.247
-53.366 -4.568 23.354
-53.663 -3.373 23.343
-53.741 -5.389 24.324
-50.778 -4.321 19.17
-49.644 -4.773 18.363
-49.318 -3.679 17.352
-49.919 -3.618 16.274
-49.959 -6.093 17.677
-49.881 -7.474 18.82
-48.349 -2.836 17.694
-48.139 -1.567 17.019
-46.784 -1.549 16.33
-45.784 -2.006 16.891
-48.25 -0.415 18.022
-49.554 -0.449 18.795
-50.756 -0.695 18.143
-49.585 -0.27 20.176
-51.955 -0.74 18.832
-50.793 -0.313 20.881
-51.968 -0.551 20.199
-53.174 -0.602 20.873
-46.765 -1.042 15.107
-45.505 -0.777 14.432
-44.779 0.345 15.166
-45.368 1.405 15.394
-45.749 -0.399 12.971
-44.497 -0.402 12.131
-43.947 -1.601 11.694
-43.856 0.784 11.797
-42.786 -1.621 10.937
-42.694 0.774 11.036
-42.157 -0.431 10.607
-43.505 0.161 15.542
-42.859 1.123 16.459
-42.451 2.45 15.836
-42.298 3.433 16.575
-41.627 0.355 16.957
-41.312 -0.596 15.851
-42.635 -0.988 15.236
-42.255 2.528 14.525
-41.802 3.762 13.898
-42.965 4.468 13.216
-43.864 3.824 12.672
-40.697 3.484 12.88
-39.495 2.679 13.37
-38.528 2.478 12.22
-38.808 3.393 14.521
-42.932 5.796 13.242
-43.919 6.639 12.585
-43.198 7.743 11.823
-42.08 8.13 12.174
-44.895 7.26 13.598
-45.838 6.261 14.254
-46.933 5.786 13.315
-47.373 6.526 12.432
-47.375 4.545 13.498
-43.846 8.262 10.788
-43.223 9.265 9.94
-43.613 10.669 10.384
-44.712 10.906 10.889
-43.614 9.054 8.476
-43.163 10.133 7.673
-42.688 11.606 10.2
-42.995 13.004 10.461
-43.844 13.627 9.359
-44.483 14.656 9.599
-41.708 13.81 10.599
-40.941 13.636 11.89
-41.406 14.195 13.069
-39.727 12.957 11.92
-40.707 14.06 14.249
-39.015 12.817 13.1
-39.51 13.376 14.263
-38.819 13.252 15.453
-43.832 13.038 8.163
-44.565 13.55 7.015
-44.329 15.009 6.691
-45.267 15.695 6.28
-43.095 15.493 6.837
-42.779 16.914 6.708
-43.336 17.517 5.427
-43.016 17.065 4.325
-41.261 17.112 6.751
-40.64 16.796 8.08
-41.015 17.499 9.215
-39.665 15.812 8.192
-40.446 17.218 10.44
-39.088 15.53 9.414
-39.477 16.237 10.541
-44.153 18.56 5.582
-44.733 19.312 4.484
-44.347 20.778 4.6
-44.266 21.303 5.713
-46.256 19.2 4.475
-46.76 17.816 4.201
-48.244 17.705 4.428
-48.813 18.434 5.239
-48.885 16.795 3.709
-44.111 21.465 3.482
-43.635 22.855 3.571
-44.617 23.799 4.247
-44.184 24.819 4.799
-43.398 23.24 2.105
-44.28 22.314 1.326
-44.263 21.019 2.088
-45.915 23.492 4.231
-46.941 24.333 4.839
-47.209 23.985 6.297
-48.167 24.502 6.88
-48.248 24.223 4.054
-48.76 22.887 4.17
-48.013 24.56 2.593
-46.406 23.107 6.887
-46.514 22.814 8.306
-46.334 24.081 9.138
-45.79 25.09 8.679
-45.453 21.802 8.719
-45.875 20.36 8.651
-47.029 19.975 7.985
-45.114 19.378 9.274
-47.407 18.641 7.939
-45.483 18.05 9.243
-46.629 17.681 8.578
-46.985 16.347 8.553
-46.802 24.019 10.385
-46.383 24.997 11.366
-44.945 24.762 11.789
-44.414 23.653 11.68
-44.305 25.827 12.283
-42.874 25.758 12.587
-42.57 24.605 13.536
-41.572 23.895 13.371
-42.379 27.099 13.156
-40.969 26.952 13.696
-42.419 28.162 12.079
-43.434 24.386 14.528
-43.217 23.315 15.483
-43.226 21.932 14.873
-42.637 21.008 15.448
-43.876 21.764 13.719
-43.921 20.48 13.033
-42.953 20.39 11.858
-42.82 19.309 11.27
-45.343 20.192 12.536
-46.323 19.763 13.605
-47.051 20.704 14.319
-46.532 18.415 13.888
-47.959 20.322 15.295
-47.439 18.019 14.865
-48.152 18.979 15.565
-49.062 18.606 16.537
-42.282 21.491 11.509
-41.352 21.521 10.388
-40.062 20.772 10.722
-39.741 20.559 11.893
-41.036 22.966 10.016
-42.217 23.715 9.436
-41.856 25.105 8.969
-40.682 25.468 8.913
-42.866 25.894 8.626
-39.296 20.368 9.707
-38.061 19.624 9.977
-36.917 20.534 10.393
-36.68 21.594 9.807
-37.759 18.947 8.635
-38.298 19.904 7.633
-39.543 20.5 8.258
-36.196 20.101 11.418
-34.97 20.756 11.835
-33.836 19.751 11.766
-33.984 18.61 12.217
-35.1 21.33 13.242
-35.816 22.659 13.272
-37.165 22.751 12.96
-35.142 23.823 13.613
-37.825 23.967 12.993
-35.789 25.041 13.64
-37.128 25.105 13.329
-37.776 26.311 13.361
-32.725 20.164 11.168
-31.52 19.352 11.149
-30.691 19.663 12.385
-30.544 20.826 12.773
-30.712 19.606 9.878
-31.344 18.994 8.654
-30.492 19.16 7.42
-31.071 18.41 6.314
-30.514 18.273 5.12
-29.346 18.825 4.837
-31.145 17.562 4.189
-30.17 18.613 13.015
-29.471 18.729 14.287
-28.095 18.093 14.161
-27.941 17.032 13.544
-30.274 18.072 15.43
-29.552 18.242 16.759
-31.663 18.672 15.498
-27.091 18.749 14.741
-25.743 18.206 14.84
-25.323 18.287 16.3
-25.307 19.378 16.882
-24.741 18.956 13.945
-23.348 18.339 14.081
-25.204 18.944 12.49
-24.991 17.142 16.89
-24.565 17.059 18.284
-23.071 16.76 18.303
-22.631 15.686 17.868
-25.35 15.996 19.06
-24.767 15.838 20.444
-26.824 16.378 19.136
-22.288 17.707 18.812
-20.842 17.555 18.94
-20.524 17.242 20.395
-20.712 18.09 21.27
-20.116 18.821 18.487
-20.179 19.186 17.004
-19.435 20.486 16.74
-19.6 18.062 16.171
-20.059 16.027 20.661
-19.591 15.653 21.987
-18.076 15.521 21.965
-17.499 15.054 20.979
-20.229 14.347 22.456
-19.86 13.268 21.617
-17.439 15.92 23.059
-15.988 15.948 23.161
-15.546 14.968 24.229
-15.99 15.059 25.379
-15.501 17.361 23.473
-15.924 18.373 22.46
-15.267 18.466 21.244
-16.984 19.221 22.717
-15.654 19.403 20.302
-17.375 20.162 21.782
-16.709 20.253 20.571
-14.691 14.032 23.835
-14.254 12.955 24.716
-13.082 13.39 25.582
-11.99 12.837 25.477
-13.861 11.725 23.888
-15.027 11.033 23.173
-15.835 10.1 24.073
-15.236 9.503 24.999
-17.065 9.968 23.847