-5.987 19.11 6.957
-9.311 20.552 8.158
-12.033 18.53 9.837
-14.842 17.208 7.641
-17.486 19.419 9.263
-18.878 20.408 5.874
-19.395 16.703 5.212
-21.66 16.607 8.284
-23.351 20.013 8.377
-23.841 20.33 4.61
-24.684 16.653 4.015
-27.216 16.165 1.223
-29.588 14.041 3.311
-29.763 13.507 7.053
-30.736 10.367 8.932
-33.959 9.721 10.808
-33.527 10.494 14.503
-34.124 6.876 15.521
-31.333 5.757 13.184
-29.109 8.743 13.943
-25.699 8.895 12.278
-22.39 9.231 14.096
-19.27 10.589 12.401
-15.983 9.863 14.17
-13.734 12.922 13.931
-10.047 12.504 14.766
-6.657 13.954 13.811
-7.62 17.367 12.448
-7.699 21.048 13.384
-11.169 22.579 13.704
-12.303 26.224 13.672
-15.371 26.295 15.913
-15.36 30.098 15.676
-16.41 29.779 12.032
-19.248 27.561 13.282
-20.598 29.801 16.055
-20.379 32.986 13.968
-22.635 31.467 11.285
-25.971 33.196 12.018
-27.723 30.418 10.052
-28.349 28.3 13.181
-31.55 28.365 15.218
-29.993 26.544 18.189
-26.348 26.705 19.291
-26.244 25.664 22.953
-23.057 24.316 24.541
-22.871 22.372 27.802
-19.744 22.319 29.943
-17.809 24.477 27.452
-17.986 28.137 26.52
-18.928 28.431 22.818
-16.43 31.086 21.717
-13.484 29.985 23.911
-13.369 26.559 22.27
-10.819 26.84 19.435
-7.794 26.497 21.743
-8.484 23.083 23.28
-7.408 19.46 22.781
-9.812 16.506 22.952
-8.973 12.899 22.103
-12.058 12.123 20.015
-14.887 14.308 18.743
-18.198 12.762 17.706
-20.605 14.469 15.307
-24.068 12.947 15.55
-26.747 14.221 13.187
-30.435 13.579 12.482
-33.738 15.347 11.74
-36.539 16.124 14.227
-39.508 18.496 14.558
-39.167 22.078 15.708
-41.01 21.367 18.971
-38.659 18.427 19.653
-35.364 20.356 19.487
-35.662 21.249 23.186
-35.373 17.515 23.931
-31.789 17.374 22.6
-30.283 18.436 25.926
-29.083 16.768 29.143
-31.767 15.596 31.548
-34.724 15.85 29.168
-37.748 13.574 28.903
-40.07 12.867 26.007
-40.536 10.791 22.863
-37.241 11.858 21.289
-35.108 11.809 24.437
-36.566 8.576 25.826
-36.884 6.516 22.669
-34.741 8.029 19.884
-31.666 10.057 20.929
-30.586 10.412 24.559
-27.907 12.774 25.828
-26.171 12.035 29.15
-26.809 14.159 32.219
-23.088 15.017 32.463
-22.932 15.909 28.777
-19.976 17.993 27.617
-20.456 19.294 24.093
-22.712 21.384 21.881
-26.11 20.975 20.234
-26.531 22.773 16.891
-29.775 22.973 14.941
-31.362 24.883 12.085
-34.641 24.825 10.193
-34.481 22.631 7.078
-38.026 23.048 5.749
-36.823 23.821 2.215
-34.641 20.681 2.094
-36.523 17.979 4.009
-40.218 18.775 3.463
-42.008 17.836 0.243
-45.515 18.608 -0.99
-47.732 15.694 -0.05
-45.424 14.832 2.844
-41.833 13.584 3.028
-42.191 10.129 4.544
-38.46 9.344 4.606
-37.863 10.777 8.104
-39.166 8.639 10.974
-39.076 8.467 14.761
-39.688 5.66 17.212
-43.069 5.974 18.909
-43.028 2.765 20.986
-40.296 1.333 23.212
-40.639 -0.555 26.491
-37.702 1.152 28.239
-35.785 4.398 27.791
-32.605 4.604 25.75
-29.306 4.806 27.559
-27.21 7.851 26.589
-25.873 7.579 23.026
-27.832 4.372 22.377
-29.189 3.665 18.883
-32.149 1.298 18.427
-32.982 0.463 14.809
-35.259 -2.554 15.335
-38.678 -2.645 13.655
-40.343 -5.488 15.535
-44.057 -5.187 16.203
-44.446 -3.617 19.639
-46.473 -5.804 22.011
-48.718 -3.728 24.285
-50.645 -6.544 25.986
-50.412 -10.131 27.192
-50.9 -11.79 23.804
-47.778 -11.796 21.6
-47.898 -10.21 18.177
-45.937 -12.626 15.971
-45.251 -9.83 13.503
-48.919 -9.0 12.85
-49.929 -5.392 13.435
-53.271 -5.021 15.16
-54.881 -4.36 18.505
-52.161 -4.137 21.181
-49.644 -4.773 18.363
-48.139 -1.567 17.019
-45.505 -0.777 14.432
-42.859 1.123 16.459
-41.802 3.762 13.898
-43.919 6.639 12.585
-43.223 9.265 9.94
-42.995 13.004 10.461
-44.565 13.55 7.015
-42.779 16.914 6.708
-44.733 19.312 4.484
-43.635 22.855 3.571
-46.941 24.333 4.839
-46.514 22.814 8.306
-46.383 24.997 11.366
-42.874 25.758 12.587
-43.217 23.315 15.483
-43.921 20.48 13.033
-41.352 21.521 10.388
-38.061 19.624 9.977
-34.97 20.756 11.835
-31.52 19.352 11.149
-29.471 18.729 14.287
-25.743 18.206 14.84
-24.565 17.059 18.284
-20.842 17.555 18.94
-19.591 15.653 21.987
-15.988 15.948 23.161
-14.254 12.955 24.716