-5.763 83.426 25.106
-5.541 83.139 23.697
-5.873 81.683 23.39
-5.561 80.778 24.17
-4.095 83.448 23.319
-3.091 82.748 24.218
-3.419 82.331 25.327
-1.855 82.626 23.743
-6.515 81.463 22.245
-6.881 80.116 21.84
-5.655 79.338 21.377
-4.706 79.9 20.823
-7.915 80.148 20.713
-9.366 80.515 21.03
-9.534 82.01 21.251
-10.284 80.03 19.917
-5.685 78.03 21.61
-4.633 77.173 21.095
-4.702 77.158 19.569
-5.794 77.109 18.995
-4.767 75.753 21.65
-4.626 75.657 23.451
-3.563 77.224 18.882
-3.56 77.314 17.412
-3.82 75.972 16.738
-3.031 75.491 15.921
-2.153 77.854 17.122
-1.32 77.306 18.228
-2.203 77.315 19.448
-4.95 75.351 17.087
-5.317 74.098 16.44
-5.706 74.314 14.985
-5.576 73.392 14.171
-6.459 73.421 17.193
-6.034 72.752 18.465
-5.054 71.777 18.458
-6.62 73.094 19.669
-4.67 71.153 19.629
-6.235 72.477 20.84
-5.257 71.509 20.821
-6.19 75.509 14.645
-6.48 75.81 13.253
-5.271 75.626 12.358
-5.378 75.076 11.259
-4.097 76.057 12.831
-2.878 75.914 12.041
-2.564 74.455 11.74
-1.988 74.153 10.69
-1.7 76.571 12.764
-1.816 78.081 12.896
-0.599 78.709 13.549
0.333 77.962 13.913
-0.574 79.951 13.697
-2.937 73.54 12.635
-2.641 72.126 12.419
-3.676 71.491 11.5
-3.336 70.914 10.46
-2.56 71.383 13.765
-2.283 69.904 13.532
-1.491 72.005 14.649
-4.955 71.589 11.867
-5.988 70.876 11.126
-6.233 71.484 9.752
-6.548 70.757 8.804
-7.28 70.855 11.938
-7.246 69.9 13.091
-6.766 70.298 14.329
-7.685 68.596 12.933
-6.733 69.414 15.388
-7.653 67.708 13.985
-7.175 68.115 15.216
-6.096 72.799 9.622
-6.374 73.486 8.371
-5.11 73.837 7.601
-5.158 74.681 6.7
-7.207 74.738 8.647
-8.657 74.409 8.946
-9.181 73.408 8.46
-9.314 75.241 9.748
-3.989 73.192 7.92
-2.72 73.514 7.284
-2.786 73.283 5.781
-3.405 72.326 5.305
-1.595 72.677 7.892
-2.135 74.181 5.039
-2.096 74.105 3.582
-1.565 72.754 3.114
-2.234 72.02 2.377
-1.224 75.242 3.057
-1.63 76.474 3.664
-1.36 75.373 1.578
-0.356 72.413 3.536
0.294 71.17 3.173
0.497 70.319 4.419
0.632 70.84 5.528
1.638 71.446 2.49
1.559 72.555 1.441
2.92 72.864 0.833
3.693 73.805 1.635
5.015 73.899 1.599
5.744 73.094 0.844
5.622 74.818 2.346
0.497 69.002 4.232
0.768 68.061 5.308
2.07 67.325 5.029
2.508 67.215 3.881
-0.375 67.054 5.469
-1.419 67.467 6.473
-2.049 68.697 6.379
-1.786 66.61 7.499
-3.014 69.07 7.299
-2.747 66.975 8.421
-3.364 68.206 8.32
2.688 66.824 6.091
3.948 66.113 5.942
3.718 64.707 5.397
2.622 64.145 5.494
4.679 66.033 7.282
4.766 64.147 4.797
4.803 62.711 4.57
4.904 62.0 5.913
5.479 62.524 6.871
5.985 62.331 3.675
5.775 62.749 2.338
4.33 60.796 5.987
4.202 60.129 7.283
5.574 59.818 7.873
5.773 59.905 9.09
3.329 58.865 7.159
3.938 57.867 6.19
3.119 58.225 8.528
6.545 59.466 7.025
7.876 59.16 7.537
8.536 60.394 8.142
9.36 60.272 9.055
8.758 58.583 6.427
9.475 59.633 5.606
8.859 60.223 4.508
10.769 60.038 5.932
9.508 61.185 3.763
11.422 60.999 5.194
10.787 61.568 4.109
11.431 62.523 3.365
8.196 61.582 7.644
8.736 62.824 8.182
7.624 63.603 8.87
7.448 64.798 8.612
9.379 63.656 7.07
6.873 62.93 9.744
5.674 63.516 10.33
6.0 64.79 11.102
7.052 64.903 11.738
4.976 62.5 11.243
5.882 61.78 12.214
6.611 60.647 11.974
6.136 62.137 13.581
7.307 60.284 13.102
7.03 61.18 14.103
5.693 63.171 14.414
7.493 61.228 15.419
6.156 63.218 15.721
7.047 62.252 16.21
5.094 65.76 11.019
5.255 67.046 11.678
4.748 66.977 13.111
3.799 66.252 13.419
4.505 68.143 10.918
5.435 69.074 10.166
5.338 69.22 8.947
6.343 69.712 10.893
5.389 67.745 13.987
4.959 67.866 15.374
4.826 69.338 15.73
5.772 70.112 15.556
5.929 67.181 16.339
5.716 67.588 17.793
6.266 66.561 18.767
5.454 65.352 18.798
5.622 64.362 19.665
6.575 64.402 20.584
4.813 63.308 19.612
3.652 69.716 16.222
3.382 71.057 16.725
3.247 70.975 18.239
2.381 70.257 18.749
2.113 71.637 16.1
1.675 72.977 16.671
2.489 74.13 16.106
1.891 75.476 16.509
2.725 76.629 16.065
4.109 71.696 18.949
4.091 71.737 20.407
3.181 72.874 20.856
3.452 74.043 20.563
5.506 71.924 20.952
5.643 71.817 22.459
7.105 71.973 22.845
7.369 71.687 24.251
7.33 72.593 25.219
6.995 73.85 24.977
7.635 72.229 26.461
2.11 72.533 21.565
1.066 73.48 21.934
1.131 73.718 23.435
1.146 72.765 24.223
-0.317 72.971 21.494
-0.431 73.096 19.973
-1.424 73.732 22.194
-1.565 72.324 19.368
1.183 74.99 23.827
1.378 75.354 25.223
0.856 76.763 25.458
0.758 77.574 24.532
2.853 75.257 25.622
3.627 76.21 24.918
0.52 77.034 26.718
0.106 78.357 27.187
-1.058 78.902 26.359
-0.954 79.924 25.681
1.29 79.327 27.183
2.497 78.775 27.917
2.525 78.731 29.147
3.505 78.352 27.162
-2.187 78.201 26.437
-3.353 78.571 25.648
-4.578 77.854 26.194
-4.469 76.908 26.977
-3.153 78.229 24.168
-2.808 76.471 23.858
-5.746 78.321 25.764
-7.015 77.668 26.056
-7.489 76.961 24.796
-7.478 77.543 23.704
-8.067 78.672 26.555
-9.42 77.992 26.689
-7.635 79.25 27.884
-7.894 75.704 24.943
-8.343 74.886 23.83
-9.839 74.628 23.941
-10.36 74.403 25.038
-7.586 73.559 23.792
-10.524 74.665 22.801
-11.953 74.368 22.719
-12.094 73.022 22.012
-12.321 72.949 20.803
-12.712 75.486 21.989
-14.217 75.288 22.017
-14.678 74.232 22.503
-14.944 76.194 21.559
-11.969 71.944 22.791
-11.94 70.607 22.208
-13.297 70.185 21.661
-13.355 69.418 20.692
-11.455 69.593 23.243
-10.01 69.77 23.652
-8.977 69.439 22.782
-9.678 70.256 24.911
-7.655 69.595 23.152
-8.357 70.415 25.29
-7.35 70.083 24.406
-6.035 70.239 24.776
-14.393 70.656 22.264
-15.717 70.274 21.78
-15.944 70.732 20.347
-16.717 70.106 19.612
-16.802 70.838 22.698
-16.961 70.034 23.854
-15.285 71.819 19.934
-15.35 72.249 18.54
-14.84 71.147 17.619
-15.427 70.877 16.564
-14.564 73.561 18.352
-14.062 73.693 16.925
-15.438 74.751 18.708
-13.753 70.48 18.013
-13.218 69.397 17.197
-14.168 68.205 17.156
-14.403 67.63 16.087
-11.844 68.972 17.719
-10.661 69.903 17.441
-9.374 69.294 17.975
-10.532 70.199 15.956
-14.734 67.82 18.303
-15.574 66.627 18.327
-16.955 66.878 17.73
-17.563 65.95 17.183
-15.713 66.091 19.753
-16.021 64.61 19.791
-15.802 63.812 18.673
-16.543 64.01 20.932
-16.081 62.462 18.69
-16.83 62.655 20.957
-16.593 61.888 19.833
-16.871 60.542 19.843
-17.466 68.107 17.819
-18.754 68.423 17.213
-18.689 68.491 15.693
-19.741 68.559 15.047
-19.288 69.746 17.765
-20.131 69.56 19.013
-19.605 69.366 20.11
-21.449 69.624 18.851
-17.492 68.468 15.112
-17.357 68.557 13.666
-17.818 67.262 13.007
-17.438 66.167 13.431
-15.907 68.857 13.293
-15.731 68.873 11.887
-18.649 67.39 11.971
-19.115 66.25 11.196
-18.197 65.929 10.024
-18.61 65.224 9.096
-20.538 66.501 10.692
-16.96 66.422 10.051
-16.059 66.351 8.91
-14.917 65.359 9.104
-14.011 65.307 8.266
-15.496 67.741 8.606
-14.975 68.351 9.776
-14.935 64.57 10.172
-13.865 63.626 10.463
-14.358 62.202 10.243
-15.454 61.843 10.686
-13.36 63.801 11.896
-12.719 65.135 12.152
-11.762 65.636 11.284
-13.083 65.895 13.252
-11.17 66.865 11.519
-12.5 67.126 13.489
-11.541 67.611 12.621
-13.548 61.4 9.548
-13.864 59.986 9.382
-13.522 59.2 10.639
-14.266 58.296 11.036
-13.11 59.406 8.185
-13.229 60.232 7.042
-12.406 59.539 11.275
-11.928 58.858 12.468
-11.748 59.88 13.579
-11.187 60.957 13.351
-10.603 58.132 12.196
-10.786 57.178 11.144
-10.117 57.41 13.443
-12.237 59.546 14.774
-12.016 60.369 15.964
-12.049 59.411 17.157
-13.089 59.223 17.791
-13.052 61.479 16.088
-12.593 62.657 16.91
-12.054 62.476 18.173
-12.697 63.948 16.412
-11.632 63.556 18.926
-12.277 65.035 17.162
-11.744 64.837 18.42
-10.901 58.798 17.435
-10.759 57.811 18.496
-9.809 58.34 19.557
-8.698 58.775 19.239
-10.236 56.48 17.95
-11.164 55.815 16.961
-10.729 54.402 16.633
-11.668 53.77 15.618
-11.349 52.337 15.368
-10.241 58.288 20.813
-9.44 58.759 21.93
-9.131 57.604 22.871
-9.926 56.671 23.025
-10.153 59.885 22.687
-10.463 61.372 21.702
-7.958 57.675 23.491
-7.46 56.634 24.379
-6.991 57.283 25.669
-6.22 58.247 25.635
-6.312 55.853 23.727
-6.634 55.333 22.343
-6.535 56.161 21.229
-7.03 54.018 22.149
-6.829 55.691 19.966
-7.324 53.538 20.887
-7.22 54.378 19.801
-7.512 53.904 18.543
-7.46 56.763 26.8
-7.099 57.312 28.088
-7.799 58.601 28.456
-7.621 59.081 29.582
-8.577 59.181 27.545
-9.374 60.37 27.82
-10.72 60.211 27.131
-10.797 59.725 25.997
-8.673 61.665 27.348
-7.487 61.995 28.241
-8.233 61.541 25.893
-11.782 60.6 27.82
-13.051 60.671 27.113
-13.072 61.918 26.232
-12.65 62.993 26.667
-14.219 60.701 28.095
-15.104 61.765 27.795
-13.546 61.802 24.988
-13.443 62.952 24.072
-14.275 64.146 24.505
-13.789 65.282 24.453
-13.922 62.376 22.73
-13.871 60.886 22.887
-14.135 60.624 24.334
-15.519 63.925 24.935
-16.383 65.041 25.312
-15.904 65.698 26.602
-15.633 66.904 26.636
-17.829 64.563 25.455
-17.915 63.603 26.516
-18.308 63.925 24.16
-15.785 64.917 27.678
-15.37 65.453 28.971
-13.882 65.788 28.974
-13.15 65.408 29.893
-15.707 64.465 30.092
-17.198 64.163 30.213
-17.532 63.356 31.462
-19.035 63.136 31.584
-19.405 62.394 32.823
-13.436 66.517 27.95
-12.039 66.879 27.773
-11.781 68.371 27.921
-10.624 68.77 28.091
-11.557 66.408 26.389
-10.117 66.561 25.899
-9.149 65.829 26.811
-10.002 66.045 24.47
-12.829 69.197 27.883
-12.655 70.643 27.958
-12.328 71.131 29.364
-11.869 72.265 29.515
-13.913 71.353 27.454
-13.718 71.987 26.091
-12.596 72.309 25.696
-14.814 72.178 25.367
-12.567 70.322 30.394
-12.243 70.696 31.768
-11.06 69.892 32.298
-11.045 69.452 33.449
-13.459 70.554 32.68
-14.324 69.359 32.327
-13.81 68.413 31.7
-15.526 69.377 32.668
-10.053 69.697 31.449
-8.785 69.096 31.835
-7.647 70.038 31.466
-7.709 70.75 30.459
-8.568 67.739 31.149
-9.43 66.561 31.605
-9.028 65.291 30.867
-9.323 66.371 33.108
-6.612 70.043 32.298
-5.39 70.787 32.033
-4.238 69.807 31.873
-4.166 68.798 32.582
-5.079 71.778 33.158
-6.25 73.149 33.367
-3.341 70.104 30.94
-2.187 69.262 30.675
-0.93 70.119 30.66
-0.992 71.344 30.52
-2.339 68.508 29.348
-3.406 67.451 29.372
-3.144 66.206 29.918
-4.667 67.701 28.853
-4.117 65.227 29.947
-5.646 66.726 28.879
-5.37 65.486 29.427
0.219 69.459 30.82
1.49 70.172 30.775
1.824 70.598 29.351
2.149 71.764 29.099
2.608 69.3 31.347
2.21 68.779 32.621
3.886 70.112 31.509
1.753 69.663 28.408
1.965 69.951 26.999
0.992 69.129 26.173
0.71 67.974 26.501
3.4 69.628 26.556
4.429 70.546 27.18
4.294 71.769 27.145
5.467 69.956 27.763
0.484 69.731 25.103
-0.267 69.018 24.08
0.568 69.019 22.812
1.078 70.065 22.394
-1.647 69.648 23.832
-2.407 68.855 22.783
-2.433 69.709 25.122
0.727 67.848 22.217
1.417 67.709 20.949
0.406 67.342 19.875
-0.489 66.524 20.105
2.516 66.65 21.035
3.569 66.97 22.071
4.645 67.793 21.763
3.483 66.455 23.359
5.606 68.091 22.704
4.44 66.748 24.308
5.5 67.566 23.973
6.459 67.863 24.91
0.549 67.963 18.711
-0.282 67.668 17.554
0.635 67.198 16.436
1.371 68.0 15.853
-1.092 68.889 17.127
0.606 65.901 16.154
1.358 65.317 15.055
0.445 65.174 13.847
-0.72 64.798 13.985
1.936 63.952 15.446
2.829 64.025 16.67
3.457 65.083 16.891
2.909 63.018 17.411
0.972 65.474 12.661
0.142 65.444 11.466
0.939 64.921 10.278
2.151 65.141 10.173
-0.436 66.827 11.151
0.589 67.789 10.986
0.23 64.239 9.377
0.816 63.559 8.224
-0.313 62.971 7.381
-1.485 62.997 7.768
1.782 62.453 8.654
1.193 61.498 9.651
0.401 60.442 9.233
1.43 61.658 11.006
-0.144 59.564 10.146
0.891 60.782 11.925
0.103 59.732 11.495
0.065 62.419 6.228
-0.861 61.788 5.292
-0.492 60.318 5.145
0.688 59.978 5.002
-0.843 62.496 3.92
-1.49 61.629 2.845
-1.554 63.83 4.009
-1.503 59.448 5.182
-1.355 58.024 4.901
-2.511 57.578 4.012
-3.364 58.374 3.614
-1.311 57.164 6.182
-2.503 57.486 7.086
0.003 57.35 6.916
-2.575 56.595 8.314
-2.531 56.282 3.708
-3.602 55.639 2.962
-4.819 55.416 3.847
-4.718 55.328 5.075
-3.154 54.286 2.42
-2.508 54.287 1.061
-2.047 52.879 0.732
-3.16 51.938 0.777
-3.127 50.714 0.27
-2.04 50.238 -0.314
-4.214 49.952 0.342
-5.98 55.298 3.199
-7.184 54.924 3.924
-7.031 53.605 4.658
-7.425 53.476 5.82
-6.437 52.609 3.994
-6.3 51.289 4.601
-5.346 51.286 5.79
-5.33 50.313 6.551
-5.821 50.272 3.562
-6.923 49.835 2.614
-8.102 49.818 3.027
-6.608 49.503 1.45
-4.563 52.345 5.974
-3.523 52.376 6.991
-3.919 53.161 8.235
-3.151 53.187 9.202
-2.238 52.969 6.407
-1.655 52.194 5.236
-0.566 52.973 4.523
-0.526 54.208 4.683
0.26 52.362 3.817
-5.087 53.806 8.232
-5.498 54.597 9.388
-5.628 53.712 10.623
-5.326 54.139 11.746
-6.807 55.352 9.083
-7.367 55.988 10.341
-6.569 56.42 8.019
-6.054 52.459 10.433
-6.18 51.527 11.547
-4.852 51.282 12.259
-4.856 50.863 13.422
-6.763 50.2 11.053
-5.862 49.453 10.077
-6.564 48.257 9.442
-7.329 48.63 8.257
-8.652 48.71 8.209
-9.402 48.431 9.263
-9.238 49.074 7.072
-3.723 51.54 11.597
-2.418 51.354 12.221
-2.028 52.499 13.147
-1.119 52.325 13.966
-1.334 51.174 11.155
-1.446 49.889 10.357
-0.298 49.716 9.378
0.864 49.935 9.722
-0.621 49.338 8.146
-2.686 53.655 13.05
-2.416 54.759 13.965
-3.237 54.544 15.229
-4.203 55.27 15.49
-2.725 56.12 13.317
-2.133 56.184 11.909
-2.171 57.259 14.176
-0.631 55.94 11.866
-2.865 53.537 16.016
-3.581 53.195 17.236
-2.629 52.438 18.145
-1.675 51.823 17.656
-4.826 52.347 16.932
-2.843 52.473 19.46
-1.952 51.735 20.362
-1.965 50.243 20.059
-3.013 49.654 19.791
-2.526 52.029 21.753
-3.316 53.291 21.588
-3.849 53.263 20.19
-0.779 49.638 20.084
-0.637 48.199 19.972
-0.763 47.626 18.578
-0.939 46.411 18.444
-0.678 48.449 17.539
-0.83 47.98 16.17
0.529 47.689 15.542
1.565 48.213 15.963
-1.584 49.007 15.321
-2.979 49.318 15.828
-3.861 48.085 15.901
-4.138 47.448 14.886
-4.306 47.743 17.108
0.51 46.833 14.521
1.697 46.507 13.747
1.389 46.673 12.266
0.23 46.732 11.851
2.193 45.082 14.021
1.149 44.141 13.739
2.619 44.939 15.473
2.449 46.729 11.467
2.311 46.952 10.042
3.341 47.937 9.531
4.09 48.51 10.319
3.362 48.155 8.209
4.385 49.006 7.61
4.415 50.399 8.236
5.493 50.946 8.5
4.127 49.105 6.106
5.281 49.624 5.269
4.758 50.124 3.937
3.809 49.113 3.319
2.905 49.709 2.292
3.244 50.98 8.49
3.182 52.344 9.007
3.516 52.377 10.492
4.345 53.177 10.939
1.796 52.956 8.725
1.519 52.966 7.22
1.701 54.365 9.294
2.607 53.642 6.409
2.882 51.505 11.279
3.149 51.478 12.713
4.59 51.067 13.002
5.226 51.614 13.909
2.166 50.539 13.416
5.131 50.121 12.226
6.469 49.608 12.509
7.563 50.564 12.047
8.573 50.733 12.739
6.682 48.25 11.84
5.724 47.192 12.342
4.952 47.479 13.282
5.739 46.074 11.791
7.393 51.191 10.881
8.495 51.886 10.233
8.238 53.36 9.95
9.121 54.022 9.391
8.857 51.174 8.92
9.117 49.69 9.077
9.867 49.202 10.142
8.606 48.774 8.166
10.097 47.845 10.293
8.832 47.419 8.308
9.578 46.961 9.369
9.796 45.609 9.498
7.081 53.907 10.326
6.797 55.298 9.983
6.332 56.13 11.175
6.935 57.166 11.472
5.767 55.36 8.853
6.34 54.909 7.515
6.793 55.73 6.712
6.332 53.604 7.275
5.266 55.714 11.854
4.768 56.47 13.003
4.171 55.503 14.013
3.235 54.767 13.688
3.735 57.511 12.57
3.227 58.367 13.705
3.902 59.521 14.089
2.073 58.018 14.396
3.441 60.303 15.128
1.606 58.791 15.435
2.29 59.933 15.797
1.822 60.708 16.833
4.694 55.526 15.238
4.393 54.517 16.246
3.824 55.178 17.494
4.457 56.066 18.075
5.647 53.716 16.598
5.423 52.676 17.674
4.343 51.696 17.251
4.222 50.542 18.226
3.22 49.547 17.76
2.637 54.736 17.908
2.061 55.149 19.177
2.464 54.179 20.284
2.64 52.979 20.037
0.54 55.21 19.082
-0.05 56.345 18.248
-1.56 56.212 18.161
0.332 57.684 18.852
2.623 54.668 21.511
2.956 53.773 22.619
1.738 52.979 23.058
0.59 53.336 22.783
3.42 54.732 23.718
2.635 55.976 23.45
2.511 56.071 21.947
2.008 51.871 23.753
0.923 51.041 24.266
0.062 51.81 25.259
-1.157 51.614 25.314
1.486 49.775 24.914
2.08 48.816 23.902
1.877 49.022 22.688
2.755 47.855 24.32
0.673 52.693 26.048
-0.034 53.474 27.063
-0.407 54.861 26.554
-0.346 55.847 27.295
0.804 53.57 28.337
2.107 54.341 28.141
2.442 54.704 26.991
2.798 54.589 29.155
-0.798 54.955 25.286
-1.059 56.245 24.663
-2.241 56.946 25.325
-3.298 56.346 25.539
-1.317 56.051 23.167
-1.738 57.301 22.446
-0.915 58.416 22.418
-2.95 57.351 21.775
-1.3 59.564 21.748
-3.339 58.493 21.101
-2.512 59.602 21.087
-2.048 58.217 25.669
-3.114 59.08 26.173
-3.319 60.188 25.147
-2.511 61.118 25.056
-2.776 59.659 27.544
-2.632 58.598 28.497
-3.879 60.601 28.006
-4.392 60.088 24.369
-4.675 61.118 23.388
-5.727 60.665 22.397
-6.432 59.684 22.624
-5.815 61.404 21.292
-6.829 61.169 20.277
-6.19 61.101 18.897
-5.195 61.777 18.619
-7.904 62.265 20.294
-8.764 62.479 21.879
-6.783 60.276 18.036
-6.362 60.116 16.649
-7.514 60.566 15.764
-8.629 60.043 15.872
-5.959 58.667 16.336
-5.664 58.51 14.856
-4.75 58.26 17.167
-7.248 61.535 14.894
-8.267 62.176 14.071
-7.841 62.08 12.612
-6.696 62.4 12.274
-8.475 63.648 14.477
-8.772 63.753 15.974
-9.591 64.275 13.666
-8.539 65.136 16.549
-8.76 61.652 11.749
-8.448 61.465 10.339
-9.644 61.849 9.48
-10.797 61.769 9.915
-8.033 60.02 10.037
-9.351 62.268 8.25
-10.385 62.569 7.271
-9.834 62.341 5.871
-8.64 62.519 5.617
-10.918 64.002 7.422
-9.902 65.098 7.228
-9.711 65.85 6.102
-8.962 65.581 8.196
-8.704 66.762 6.307
-8.227 66.617 7.583
-8.664 65.233 9.518
-7.217 67.309 8.247
-7.659 65.924 10.175
-6.948 66.949 9.538
-10.724 61.929 4.971
-10.359 61.72 3.577
-9.962 63.044 2.934
-10.686 64.039 3.038
-11.536 61.088 2.828
-11.186 60.69 1.407
-10.97 61.54 0.544
-11.145 59.389 1.154
-8.806 63.059 2.271
-8.303 64.256 1.605
-8.056 64.011 0.119
-7.133 64.58 -0.467
-7.03 64.76 2.287
-6.037 63.751 2.342
-8.884 63.166 -0.503
-8.686 62.831 -1.91
-8.764 64.07 -2.794
-8.042 64.176 -3.793
-9.72 61.794 -2.35
-9.356 61.129 -3.663
-8.196 60.79 -3.899
-10.347 60.947 -4.53
-9.628 65.022 -2.44
-9.799 66.21 -3.267
-8.622 67.171 -3.165
-8.482 68.05 -4.023
-11.101 66.925 -2.895
-11.133 67.372 -1.444
-10.535 66.739 -0.572
-11.833 68.469 -1.178
-7.771 67.022 -2.15
-6.64 67.917 -1.942
-5.287 67.285 -2.228
-4.373 67.99 -2.661
-6.622 68.436 -0.498
-7.887 69.059 0.09
-7.689 69.343 1.573
-8.255 70.327 -0.655
-5.132 65.981 -1.996
-3.818 65.357 -1.976
-3.561 64.365 -3.1
-2.436 63.864 -3.205
-3.592 64.656 -0.631
-3.406 65.635 0.505
-2.803 66.703 0.268
-3.861 65.341 1.627
-4.552 64.053 -3.924
-4.329 63.291 -5.142
-4.34 64.239 -6.333
-5.064 65.237 -6.344
-5.398 62.209 -5.329
-6.634 62.775 -5.729
-3.523 63.928 -7.335
-3.492 64.709 -8.56
-3.523 63.769 -9.756
-3.116 62.607 -9.663
-2.264 65.642 -8.612
-1.047 65.114 -9.351
-0.104 66.267 -9.675
0.973 65.866 -10.667
1.682 67.058 -11.219
-4.041 64.281 -10.876
-4.232 63.454 -12.061
-2.885 62.929 -12.532
-1.911 63.683 -12.651
-4.945 64.253 -13.162
-5.545 63.312 -14.203
-6.016 65.15 -12.556
-2.821 61.624 -12.788
-1.574 60.978 -13.126
-0.699 60.618 -11.946
0.305 59.919 -12.135
-1.031 61.074 -10.741
-0.287 60.655 -9.553
0.409 61.795 -8.835
1.141 62.591 -9.423
0.172 61.87 -7.526
0.854 62.816 -6.647
1.947 62.047 -5.914
1.674 61.299 -4.972
-0.124 63.469 -5.674
0.563 64.406 -4.693
1.729 64.763 -4.865
-0.164 64.812 -3.659
3.19 62.237 -6.349
4.326 61.534 -5.778
5.045 62.349 -4.713
6.176 62.015 -4.348
5.29 61.118 -6.888
4.619 60.257 -7.934
4.456 58.889 -7.736
4.126 60.813 -9.109
3.833 58.099 -8.683
3.502 60.031 -10.063
3.358 58.675 -9.843
2.739 57.89 -10.787
4.408 63.404 -4.201
5.01 64.174 -3.121
4.978 63.402 -1.806
5.923 63.479 -1.014
4.296 65.516 -2.972
4.648 66.488 -4.08
5.798 66.563 -4.513
3.658 67.241 -4.545
3.911 62.646 -1.561
3.747 61.951 -0.292
4.472 60.612 -0.313
4.302 59.812 -1.24
2.265 61.76 0.028
1.591 63.054 0.417
1.79 63.612 1.674
0.774 63.734 -0.478
1.186 64.805 2.033
0.165 64.926 -0.126
0.373 65.453 1.131
-0.232 66.636 1.48
5.278 60.374 0.719
6.146 59.213 0.8
5.907 58.47 2.106
5.411 59.03 3.086
7.624 59.613 0.709
8.065 60.475 -0.472
9.512 60.9 -0.289
7.896 59.718 -1.771
6.273 57.191 2.099
6.316 56.367 3.294
7.602 55.553 3.266
8.215 55.364 2.212
5.102 55.435 3.395
4.993 54.452 2.252
4.343 54.799 1.074
5.532 53.175 2.352
4.238 53.909 0.027
5.435 52.277 1.311
4.787 52.649 0.153
4.685 51.757 -0.888
8.016 55.074 4.438
9.188 54.216 4.538
8.76 52.765 4.362
7.923 52.262 5.116
9.91 54.403 5.872
11.213 53.618 5.958
12.022 53.982 7.192
12.3 55.412 7.258
13.282 56.016 6.601
14.105 55.343 5.811
13.441 57.329 6.736
9.331 52.101 3.358
9.035 50.701 3.099
10.032 49.758 3.762
9.655 48.65 4.167
9.012 50.447 1.588
8.799 49.007 1.113
7.462 48.477 1.605
8.896 48.907 -0.405
11.288 50.176 3.894
12.349 49.331 4.424
12.96 49.969 5.663
13.29 51.16 5.658
13.435 49.086 3.376
12.988 48.232 2.226
12.843 46.861 2.379
12.714 48.797 0.99
12.435 46.071 1.323
12.303 48.014 -0.071
12.164 46.648 0.095
13.112 49.167 6.714
13.814 49.554 7.928
14.123 48.273 8.686
13.287 47.368 8.736
12.985 50.509 8.795
13.789 51.22 9.869
12.926 52.172 10.683
13.734 53.2 11.332
14.209 53.118 12.567
13.951 52.076 13.339
14.955 54.112 13.041
15.329 48.189 9.251
15.741 46.944 9.892
14.868 46.63 11.102
14.365 45.509 11.246
17.214 47.012 10.295
17.705 45.736 10.967
17.471 44.521 10.072
17.487 43.219 10.864
16.22 42.995 11.621
14.669 47.609 11.979
13.945 47.402 13.222
12.755 48.35 13.31
12.672 49.348 12.589
14.866 47.605 14.433
16.085 46.901 14.271
11.833 48.023 14.215
10.659 48.856 14.434
11.044 50.175 15.09
12.022 50.262 15.839
9.644 48.142 15.325
9.132 46.859 14.718
9.346 46.586 13.539
8.444 46.061 15.524
10.249 51.203 14.814
10.41 52.473 15.504
9.939 52.36 16.946
8.998 51.625 17.264
9.609 53.571 14.811
10.014 54.046 13.42
8.931 54.959 12.908
11.335 54.783 13.464
10.603 53.104 17.822
10.076 53.324 19.151
8.916 54.31 19.068
8.761 55.008 18.063
11.172 53.851 20.067
12.319 52.89 20.225
13.358 53.437 21.162
14.401 52.389 21.459
15.32 52.869 22.509
8.071 54.371 20.098
6.959 55.329 20.068
7.461 56.753 19.89
8.433 57.171 20.523
6.286 55.134 21.43
6.615 53.731 21.803
7.995 53.48 21.269
6.798 57.483 18.993
7.11 58.883 18.698
8.532 59.066 18.169
9.124 60.139 18.318
6.875 59.775 19.92
5.464 59.737 20.43
4.41 60.113 19.614
5.19 59.333 21.728
3.111 60.086 20.08
3.892 59.299 22.199
2.85 59.677 21.374
9.093 58.034 17.54
10.374 58.158 16.854
10.137 58.584 15.412
9.16 58.167 14.781
11.156 56.841 16.891
12.584 56.945 16.351
13.413 55.7 16.604
12.825 54.639 16.914
14.655 55.783 16.497
11.029 59.427 14.897
10.936 59.925 13.528
12.249 59.649 12.812
13.295 60.184 13.194
10.612 61.421 13.506
10.436 62.035 12.116
10.026 63.483 12.281
9.952 64.282 11.062
10.883 65.142 10.668
12.035 65.258 11.309
10.645 65.919 9.615
12.189 58.818 11.779
13.353 58.44 10.988
13.233 59.11 9.623
12.332 58.782 8.842
13.447 56.92 10.858
14.734 56.462 10.193
15.511 57.315 9.715
14.973 55.236 10.151
14.143 60.04 9.339
14.162 60.773 8.082
15.356 60.384 7.22
15.616 61.034 6.201
14.145 62.29 8.324
15.284 62.679 9.267
12.804 62.734 8.887
15.347 64.154 9.549
16.101 59.353 7.612
17.274 58.95 6.852
16.869 58.426 5.48
15.771 57.9 5.286
18.067 57.879 7.603
17.554 56.583 7.346
17.777 58.584 4.518
17.558 58.14 3.148
18.643 57.177 2.68
18.87 57.044 1.474
17.476 59.34 2.204
18.605 60.195 2.417
16.196 60.124 2.449
19.324 56.51 3.609
20.384 55.588 3.233
19.805 54.384 2.504
18.754 53.855 2.882
21.161 55.133 4.467
21.872 56.264 5.191
22.836 57.014 4.292
23.79 56.385 3.782
22.629 58.23 4.082
20.498 53.961 1.443
20.072 52.788 0.691
20.01 51.589 1.623
20.929 51.347 2.417
21.022 52.538 -0.489
21.065 53.761 -1.411
20.605 51.293 -1.256
19.704 54.213 -1.895
18.918 50.835 1.537
18.662 49.745 2.465
19.35 48.47 1.99
19.17 48.045 0.844
17.161 49.514 2.618
16.832 48.424 3.605
16.901 48.66 4.975
16.462 47.155 3.172
16.607 47.666 5.884
16.168 46.154 4.073
16.24 46.414 5.427
15.946 45.418 6.323
20.131 47.86 2.881
20.903 46.665 2.558
20.086 45.434 2.937
19.848 45.179 4.122
22.246 46.689 3.286
23.199 45.579 2.885
24.537 45.678 3.593
25.011 46.773 3.903
25.151 44.531 3.859
19.657 44.673 1.93
18.822 43.495 2.122
19.609 42.192 2.093
19.028 41.129 2.338
17.718 43.451 1.059
20.902 42.243 1.792
21.734 41.057 1.811
23.055 41.296 2.513
23.169 42.215 3.331
24.065 40.487 2.192
25.359 40.571 2.855
26.288 41.617 2.253
27.196 42.088 2.948
26.058 39.209 2.816
26.247 38.772 1.481
26.088 41.994 0.989
27.052 42.881 0.348
26.599 44.335 0.434
25.416 44.632 0.231
27.246 42.497 -1.116
26.185 43.054 -1.902
27.226 40.985 -1.266
27.524 45.246 0.728
27.144 46.649 0.92
26.68 47.309 -0.369
27.037 46.899 -1.478
28.433 47.296 1.442
29.525 46.399 0.968
28.953 45.014 0.998
25.878 48.363 -0.204
25.216 49.042 -1.31
25.935 50.301 -1.767
26.021 50.549 -2.975
23.783 49.399 -0.909
22.808 47.956 -0.466
26.448 51.092 -0.824
27.071 52.394 -1.067
26.355 53.215 -2.136
26.905 53.469 -3.212
28.561 52.241 -1.411
28.822 51.256 -2.548
29.629 50.335 -2.41
28.144 51.449 -3.675
25.12 53.615 -1.853
24.452 54.641 -2.619
23.844 54.265 -3.951
23.203 55.136 -4.564
24.019 53.031 -4.423
23.481 52.58 -5.697
22.269 51.698 -5.416
22.277 50.902 -4.466
24.544 51.836 -6.525
23.973 51.52 -7.899
25.802 52.717 -6.627
21.206 51.885 -6.2
20.004 51.064 -6.091
20.137 49.889 -7.047
20.061 50.069 -8.268
18.752 51.865 -6.429
18.481 53.048 -5.529
17.271 53.836 -5.969
16.438 53.283 -6.72
17.161 55.014 -5.569
20.338 48.693 -6.5
20.395 47.48 -7.297
19.874 46.274 -6.545
18.993 46.417 -5.695
20.393 45.084 -6.846
19.936 43.887 -6.151
20.286 43.971 -4.669
21.401 44.348 -4.3
20.554 42.636 -6.778
19.988 41.35 -6.246
18.695 40.967 -6.563
20.747 40.526 -5.432
18.168 39.789 -6.077
20.229 39.346 -4.942
18.936 38.976 -5.265
19.312 43.638 -3.817
19.45 43.677 -2.36
19.829 45.063 -1.845
20.379 45.191 -0.745
20.47 42.645 -1.863
19.948 41.226 -1.935
18.747 41.001 -2.077
20.849 40.258 -1.823
19.532 46.106 -2.619
19.961 47.471 -2.304
18.844 48.422 -2.714
18.773 48.85 -3.87
21.267 47.802 -3.01
22.668 46.985 -2.242
17.994 48.768 -1.754
16.728 49.426 -2.023
16.701 50.812 -1.399
17.082 50.987 -0.235
15.572 48.591 -1.477
15.645 47.135 -1.876
15.978 46.769 -3.172
15.397 46.126 -0.956
16.051 45.444 -3.543
15.467 44.797 -1.319
15.792 44.465 -2.611
15.866 43.143 -2.983
16.247 51.79 -2.174
15.926 53.086 -1.599
14.806 52.9 -0.581
13.786 52.269 -0.898
15.511 54.085 -2.679
15.485 55.511 -2.202
16.667 56.207 -2.004
14.283 56.156 -1.947
16.652 57.516 -1.562
14.262 57.468 -1.506
15.448 58.147 -1.312
14.955 53.414 0.643
14.028 53.031 1.721
12.645 53.647 1.622
11.714 53.119 2.243
14.749 53.516 2.986
15.601 54.652 2.514
16.032 54.3 1.115
12.474 54.736 0.882
11.195 55.422 0.798
10.506 55.12 -0.528
11.156 54.917 -1.555
11.377 56.934 0.95
12.095 57.452 2.197
12.164 58.968 2.166
11.397 56.979 3.461
9.174 55.1 -0.495
8.364 54.891 -1.686
7.223 55.896 -1.69
6.824 56.415 -0.647
7.811 53.46 -1.757
8.878 52.39 -1.94
9.557 52.471 -3.295
8.966 52.925 -4.275
10.809 52.035 -3.354
6.696 56.161 -2.88
5.636 57.143 -3.048
4.267 56.48 -3.018
4.079 55.382 -3.547
5.799 57.909 -4.359
4.69 58.76 -4.564
3.31 57.167 -2.394
1.931 56.702 -2.421
1.345 56.804 -3.822
0.552 55.95 -4.236
1.094 57.508 -1.433
1.19 57.039 -0.001
0.58 55.858 0.4
1.868 57.788 0.958
0.65 55.428 1.707
1.941 57.364 2.273
1.329 56.183 2.638
1.393 55.746 3.94
1.727 57.838 -4.566
1.234 58.026 -5.922
-0.263 58.216 -6.0
-0.904 57.698 -6.923
-0.839 58.944 -5.041
-2.283 59.144 -4.956
-2.868 59.665 -6.264
-2.565 60.784 -6.685
-2.626 60.123 -3.828
-2.282 59.626 -2.452
-2.851 58.464 -1.953
-1.415 60.343 -1.643
-2.542 58.013 -0.681
-1.108 59.902 -0.367
-1.673 58.734 0.116
-3.702 58.852 -6.915
-4.479 59.258 -8.076
-5.945 59.4 -7.685
-6.455 58.582 -6.912
-4.357 58.241 -9.219
-2.933 57.995 -9.693
-2.849 56.915 -10.754
-3.855 56.539 -11.355
-1.644 56.405 -10.986
-6.652 60.409 -8.203
-8.037 60.637 -7.752
-8.974 59.474 -8.028
-10.016 59.371 -7.368
-8.46 61.893 -8.528
-7.569 61.924 -9.722
-6.254 61.344 -9.27
-8.642 58.598 -8.972
-9.471 57.443 -9.294
-9.198 56.243 -8.39
-9.735 55.161 -8.648
-9.269 57.05 -10.761
-7.894 56.716 -10.983
-9.658 58.199 -11.676
-8.386 56.413 -7.348
-8.043 55.309 -6.459
-9.264 54.814 -5.691
-10.179 55.579 -5.368
-6.969 55.735 -5.454
-5.567 55.663 -6.018
-9.262 53.517 -5.384
-10.193 52.981 -4.412
-9.984 53.653 -3.072
-8.89 54.142 -2.791
-11.034 53.687 -2.242
-10.996 54.458 -0.997
-9.819 54.038 -0.125
-9.132 54.88 0.466
-12.334 54.316 -0.248
-12.238 54.902 1.153
-13.449 54.99 -1.034
-9.567 52.73 -0.033
-8.445 52.239 0.747
-7.097 52.761 0.292
-6.166 52.827 1.097
-6.973 53.137 -0.984
-5.752 53.714 -1.532
-5.766 55.239 -1.554
-4.779 55.844 -1.983
-5.514 53.205 -2.958
-5.031 51.773 -3.083
-5.932 50.721 -3.191
-3.673 51.476 -3.128
-5.498 49.411 -3.324
-3.229 50.17 -3.262
-4.146 49.145 -3.357
-3.704 47.849 -3.49
-6.851 55.873 -1.121
-6.952 57.322 -1.188
-6.24 57.971 -0.004
-6.062 57.346 1.048
-8.418 57.743 -1.229
-9.12 57.365 -2.525
-10.553 57.853 -2.584
-10.98 58.671 -1.769
-11.306 57.348 -3.553
-5.807 59.224 -0.149
-5.061 59.865 0.939
-5.973 60.293 2.077
-7.105 60.735 1.865
-4.417 61.077 0.258
-5.35 61.408 -0.851
-5.889 60.088 -1.34
-5.462 60.154 3.294
-6.146 60.626 4.49
-5.19 61.48 5.302
-4.061 61.063 5.577
-6.659 59.466 5.344
-7.969 58.898 4.866
-8.052 58.226 3.655
-9.123 59.029 5.626
-9.247 57.702 3.212
-10.323 58.508 5.193
-10.379 57.846 3.986
-11.575 57.328 3.552
-5.643 62.667 5.683
-4.884 63.49 6.608
-5.171 63.046 8.033
-6.31 62.738 8.387
-5.219 64.966 6.411
-4.661 65.492 5.104
-4.944 66.954 4.853
-4.278 67.361 3.622
-4.053 68.614 3.256
-4.453 69.634 3.997
-3.407 68.849 2.117
-4.121 62.98 8.841
-4.202 62.468 10.202
-3.644 63.517 11.149
-2.63 64.158 10.853
-3.431 61.138 10.357
-3.532 60.62 11.779
-3.95 60.101 9.374
-4.314 63.705 12.283
-3.794 64.505 13.384
-3.843 63.653 14.642
-4.896 63.103 14.983
-4.581 65.814 13.586
-3.986 66.599 14.743
-4.556 66.648 12.317
-2.705 63.529 15.317
-2.598 62.788 16.567
-2.358 63.799 17.676
-1.305 64.45 17.722
-1.48 61.738 16.522
-1.411 60.989 17.845
-1.714 60.774 15.374
-3.337 63.947 18.562
-3.2 64.782 19.748
-2.803 63.89 20.915
-3.521 62.941 21.24
-4.503 65.518 20.058
-5.087 66.397 18.956
-6.398 67.014 19.412
-4.092 67.476 18.58
-1.656 64.18 21.526
-1.219 63.5 22.738
-1.167 64.503 23.882
-0.753 65.655 23.699
0.15 62.821 22.556
1.161 63.753 22.22
-1.599 64.061 25.059
-1.761 64.925 26.22
-0.8 64.471 27.31
-0.86 63.321 27.757
-3.21 64.896 26.705
-4.211 65.227 25.633
-4.452 66.543 25.278
-4.906 64.226 24.978
-5.366 66.854 24.29
-5.823 64.533 23.986
-6.051 65.849 23.643
0.076 65.375 27.738
1.182 65.057 28.632
0.957 65.747 29.97
0.79 66.97 30.019
2.508 65.5 28.011
3.75 64.864 28.605
5.022 65.535 28.121
5.008 66.775 27.954
6.026 64.824 27.899