-5.541 83.139 23.697
-6.881 80.116 21.84
-4.633 77.173 21.095
-3.56 77.314 17.412
-5.317 74.098 16.44
-6.48 75.81 13.253
-2.878 75.914 12.041
-2.641 72.126 12.419
-5.988 70.876 11.126
-6.374 73.486 8.371
-2.72 73.514 7.284
-2.096 74.105 3.582
0.294 71.17 3.173
0.768 68.061 5.308
3.948 66.113 5.942
4.803 62.711 4.57
4.202 60.129 7.283
7.876 59.16 7.537
8.736 62.824 8.182
5.674 63.516 10.33
5.255 67.046 11.678
4.959 67.866 15.374
3.382 71.057 16.725
4.091 71.737 20.407
1.066 73.48 21.934
1.378 75.354 25.223
0.106 78.357 27.187
-3.353 78.571 25.648
-7.015 77.668 26.056
-8.343 74.886 23.83
-11.953 74.368 22.719
-11.94 70.607 22.208
-15.717 70.274 21.78
-15.35 72.249 18.54
-13.218 69.397 17.197
-15.574 66.627 18.327
-18.754 68.423 17.213
-17.357 68.557 13.666
-19.115 66.25 11.196
-16.059 66.351 8.91
-13.865 63.626 10.463
-13.864 59.986 9.382
-11.928 58.858 12.468
-12.016 60.369 15.964
-10.759 57.811 18.496
-9.44 58.759 21.93
-7.46 56.634 24.379
-7.099 57.312 28.088
-9.374 60.37 27.82
-13.051 60.671 27.113
-13.443 62.952 24.072
-16.383 65.041 25.312
-15.37 65.453 28.971
-12.039 66.879 27.773
-12.655 70.643 27.958
-12.243 70.696 31.768
-8.785 69.096 31.835
-5.39 70.787 32.033
-2.187 69.262 30.675
1.49 70.172 30.775
1.965 69.951 26.999
-0.267 69.018 24.08
1.417 67.709 20.949
-0.282 67.668 17.554
1.358 65.317 15.055
0.142 65.444 11.466
0.816 63.559 8.224
-0.861 61.788 5.292
-1.355 58.024 4.901
-3.602 55.639 2.962
-7.184 54.924 3.924
-6.3 51.289 4.601
-3.523 52.376 6.991
-5.498 54.597 9.388
-6.18 51.527 11.547
-2.418 51.354 12.221
-2.416 54.759 13.965
-3.581 53.195 17.236
-1.952 51.735 20.362
-0.637 48.199 19.972
-0.83 47.98 16.17
1.697 46.507 13.747
2.311 46.952 10.042
4.385 49.006 7.61
3.182 52.344 9.007
3.149 51.478 12.713
6.469 49.608 12.509
8.495 51.886 10.233
6.797 55.298 9.983
4.768 56.47 13.003
4.393 54.517 16.246
2.061 55.149 19.177
2.956 53.773 22.619
0.923 51.041 24.266
-0.034 53.474 27.063
-1.059 56.245 24.663
-3.114 59.08 26.173
-4.675 61.118 23.388
-6.829 61.169 20.277
-6.362 60.116 16.649
-8.267 62.176 14.071
-8.448 61.465 10.339
-10.385 62.569 7.271
-10.359 61.72 3.577
-8.303 64.256 1.605
-8.686 62.831 -1.91
-9.799 66.21 -3.267
-6.64 67.917 -1.942
-3.818 65.357 -1.976
-4.329 63.291 -5.142
-3.492 64.709 -8.56
-4.232 63.454 -12.061
-1.574 60.978 -13.126
-0.287 60.655 -9.553
0.854 62.816 -6.647
4.326 61.534 -5.778
5.01 64.174 -3.121
3.747 61.951 -0.292
6.146 59.213 0.8
6.316 56.367 3.294
9.188 54.216 4.538
9.035 50.701 3.099
12.349 49.331 4.424
13.814 49.554 7.928
15.741 46.944 9.892
13.945 47.402 13.222
10.659 48.856 14.434
10.41 52.473 15.504
10.076 53.324 19.151
6.959 55.329 20.068
7.11 58.883 18.698
10.374 58.158 16.854
10.936 59.925 13.528
13.353 58.44 10.988
14.162 60.773 8.082
17.274 58.95 6.852
17.558 58.14 3.148
20.384 55.588 3.233
20.072 52.788 0.691
18.662 49.745 2.465
20.903 46.665 2.558
18.822 43.495 2.122
21.734 41.057 1.811
25.359 40.571 2.855
27.052 42.881 0.348
27.144 46.649 0.92
25.216 49.042 -1.31
27.071 52.394 -1.067
24.452 54.641 -2.619
23.481 52.58 -5.697
20.004 51.064 -6.091
20.395 47.48 -7.297
19.936 43.887 -6.151
19.45 43.677 -2.36
19.961 47.471 -2.304
16.728 49.426 -2.023
15.926 53.086 -1.599
14.028 53.031 1.721
11.195 55.422 0.798
8.364 54.891 -1.686
5.636 57.143 -3.048
1.931 56.702 -2.421
1.234 58.026 -5.922
-2.283 59.144 -4.956
-4.479 59.258 -8.076
-8.037 60.637 -7.752
-9.471 57.443 -9.294
-8.043 55.309 -6.459
-10.193 52.981 -4.412
-10.996 54.458 -0.997
-8.445 52.239 0.747
-5.752 53.714 -1.532
-6.952 57.322 -1.188
-5.061 59.865 0.939
-6.146 60.626 4.49
-4.884 63.49 6.608
-4.202 62.468 10.202
-3.794 64.505 13.384
-2.598 62.788 16.567
-3.2 64.782 19.748
-1.219 63.5 22.738
-1.761 64.925 26.22
1.182 65.057 28.632